
DETnet_current_whole = [
    1    1    1    1     1     1     1    1    1    1  2.67803E+15 0.00547 
    2    2    1    1     1     1     1    1    1    1 -3.99141E+16 0.00080 
];


DETnet_current_wholeE = [
 0.00000E+00  6.25000E-07  3.12500E-07
 6.25000E-07  1.00000E+37  5.00000E+36
];

DETinward_current_whole = [
    1    1    1    1     1     1     1    1    1    1  5.10110E+16 0.00113 
    2    2    1    1     1     1     1    1    1    1  1.90111E+16 0.00109 
];


DETinward_current_wholeE = [
 0.00000E+00  6.25000E-07  3.12500E-07
 6.25000E-07  1.00000E+37  5.00000E+36
];

DEToutward_current_whole = [
    1    1    1    1     1     1     1    1    1    1 -4.83330E+16 0.00118 
    2    2    1    1     1     1     1    1    1    1 -5.89252E+16 0.00076 
];


DEToutward_current_wholeE = [
 0.00000E+00  6.25000E-07  3.12500E-07
 6.25000E-07  1.00000E+37  5.00000E+36
];

DETnet_current_active = [
    1    1    1    1     1     1     1    1    1    1  1.09378E+15 0.01442 
    2    2    1    1     1     1     1    1    1    1 -4.46208E+16 0.00075 
];


DETnet_current_activeE = [
 0.00000E+00  6.25000E-07  3.12500E-07
 6.25000E-07  1.00000E+37  5.00000E+36
];

DETinward_current_active = [
    1    1    1    1     1     1     1    1    1    1  5.65329E+16 0.00112 
    2    2    1    1     1     1     1    1    1    1  2.11706E+16 0.00101 
];


DETinward_current_activeE = [
 0.00000E+00  6.25000E-07  3.12500E-07
 6.25000E-07  1.00000E+37  5.00000E+36
];

DEToutward_current_active = [
    1    1    1    1     1     1     1    1    1    1 -5.54391E+16 0.00113 
    2    2    1    1     1     1     1    1    1    1 -6.57914E+16 0.00072 
];


DEToutward_current_activeE = [
 0.00000E+00  6.25000E-07  3.12500E-07
 6.25000E-07  1.00000E+37  5.00000E+36
];

DETlattice_flux = [
    1    1    1    1     1     1     1    1    1    1  2.04368E+16 0.00639 
    2    1    1    1     1     2     1    1    1    1  4.69432E+16 0.00445 
    3    1    1    1     1     3     1    1    1    1  6.48446E+16 0.00378 
    4    1    1    1     1     4     1    1    1    1  5.18353E+16 0.00261 
    5    1    1    1     1     5     1    1    1    1  6.66754E+16 0.00238 
    6    1    1    1     1     6     1    1    1    1  7.77205E+16 0.00245 
    7    1    1    1     1     7     1    1    1    1  7.13133E+16 0.00216 
    8    1    1    1     1     8     1    1    1    1  5.88865E+16 0.00247 
    9    1    1    1     1     9     1    1    1    1  4.09442E+16 0.00303 
   10    1    1    1     1    10     1    1    1    1  3.22438E+16 0.00577 
   11    1    1    1     1    11     1    1    1    1  5.75333E+16 0.00391 
   12    1    1    1     1    12     1    1    1    1  5.28905E+16 0.00251 
   13    1    1    1     1    13     1    1    1    1  8.79057E+16 0.00213 
   14    1    1    1     1    14     1    1    1    1  8.57507E+16 0.00204 
   15    1    1    1     1    15     1    1    1    1  1.25724E+17 0.00188 
   16    1    1    1     1    16     1    1    1    1  8.69499E+16 0.00204 
   17    1    1    1     1    17     1    1    1    1  9.42467E+16 0.00217 
   18    1    1    1     1    18     1    1    1    1  5.32587E+16 0.00266 
   19    1    1    1     1    19     1    1    1    1  3.80398E+16 0.00481 
   20    1    1    1     1    20     1    1    1    1  7.31423E+16 0.00340 
   21    1    1    1     1    21     1    1    1    1  9.90387E+16 0.00299 
   22    1    1    1     1    22     1    1    1    1  8.00800E+16 0.00214 
   23    1    1    1     1    23     1    1    1    1  1.07902E+17 0.00182 
   24    1    1    1     1    24     1    1    1    1  1.08898E+17 0.00169 
   25    1    1    1     1    25     1    1    1    1  1.02536E+17 0.00181 
   26    1    1    1     1    26     1    1    1    1  9.05139E+16 0.00178 
   27    1    1    1     1    27     1    1    1    1  5.93608E+16 0.00253 
   28    1    1    1     1    28     1    1    1    1  3.73555E+16 0.00528 
   29    1    1    1     1    29     1    1    1    1  6.68812E+16 0.00329 
   30    1    1    1     1    30     1    1    1    1  6.29969E+16 0.00252 
   31    1    1    1     1    31     1    1    1    1  8.11489E+16 0.00203 
   32    1    1    1     1    32     1    1    1    1  2.01100E+17 0.00189 
   33    1    1    1     1    33     1    1    1    1  1.10346E+17 0.00166 
   34    1    1    1     1    34     1    1    1    1  1.01321E+17 0.00169 
   35    1    1    1     1    35     1    1    1    1  1.11115E+17 0.00200 
   36    1    1    1     1    36     1    1    1    1  6.22384E+16 0.00263 
   37    1    1    1     1    37     1    1    1    1  2.92661E+16 0.00499 
   38    1    1    1     1    38     1    1    1    1  5.76706E+16 0.00372 
   39    1    1    1     1    39     1    1    1    1  4.85542E+16 0.00261 
   40    1    1    1     1    40     1    1    1    1  8.22874E+16 0.00233 
   41    1    1    1     1    41     1    1    1    1  8.38111E+16 0.00202 
   42    1    1    1     1    42     1    1    1    1  1.12342E+17 0.00201 
   43    1    1    1     1    43     1    1    1    1  8.81200E+16 0.00210 
   44    1    1    1     1    44     1    1    1    1  7.53243E+16 0.00228 
   45    1    1    1     1    45     1    1    1    1  5.01568E+16 0.00299 
   46    1    1    1     1    46     1    1    1    1  1.98423E+16 0.00615 
   47    1    1    1     1    47     1    1    1    1  4.97854E+16 0.00418 
   48    1    1    1     1    48     1    1    1    1  6.81154E+16 0.00393 
   49    1    1    1     1    49     1    1    1    1  5.14956E+16 0.00248 
   50    1    1    1     1    50     1    1    1    1  6.28142E+16 0.00230 
   51    1    1    1     1    51     1    1    1    1  7.24383E+16 0.00217 
   52    1    1    1     1    52     1    1    1    1  7.00867E+16 0.00224 
   53    1    1    1     1    53     1    1    1    1  8.00551E+16 0.00305 
   54    1    1    1     1    54     1    1    1    1  3.79595E+16 0.00317 
   55    2    1    1     1     1     1    1    1    1  4.39451E+15 0.00700 
   56    2    1    1     1     2     1    1    1    1  1.93524E+16 0.00402 
   57    2    1    1     1     3     1    1    1    1  4.61595E+16 0.00311 
   58    2    1    1     1     4     1    1    1    1  9.66816E+16 0.00193 
   59    2    1    1     1     5     1    1    1    1  1.21728E+17 0.00184 
   60    2    1    1     1     6     1    1    1    1  1.29997E+17 0.00168 
   61    2    1    1     1     7     1    1    1    1  1.32206E+17 0.00158 
   62    2    1    1     1     8     1    1    1    1  1.12672E+17 0.00187 
   63    2    1    1     1     9     1    1    1    1  7.49911E+16 0.00232 
   64    2    1    1     1    10     1    1    1    1  8.25444E+15 0.00671 
   65    2    1    1     1    11     1    1    1    1  3.28248E+16 0.00333 
   66    2    1    1     1    12     1    1    1    1  9.09857E+16 0.00220 
   67    2    1    1     1    13     1    1    1    1  1.27201E+17 0.00146 
   68    2    1    1     1    14     1    1    1    1  1.83854E+17 0.00145 
   69    2    1    1     1    15     1    1    1    1  1.81861E+17 0.00132 
   70    2    1    1     1    16     1    1    1    1  2.07045E+17 0.00128 
   71    2    1    1     1    17     1    1    1    1  1.53279E+17 0.00145 
   72    2    1    1     1    18     1    1    1    1  1.09342E+17 0.00188 
   73    2    1    1     1    19     1    1    1    1  1.03831E+16 0.00525 
   74    2    1    1     1    20     1    1    1    1  3.82954E+16 0.00298 
   75    2    1    1     1    21     1    1    1    1  8.86329E+16 0.00230 
   76    2    1    1     1    22     1    1    1    1  1.67531E+17 0.00158 
   77    2    1    1     1    23     1    1    1    1  2.09916E+17 0.00133 
   78    2    1    1     1    24     1    1    1    1  2.42574E+17 0.00110 
   79    2    1    1     1    25     1    1    1    1  2.37654E+17 0.00121 
   80    2    1    1     1    26     1    1    1    1  1.85009E+17 0.00141 
   81    2    1    1     1    27     1    1    1    1  1.20879E+17 0.00192 
