
DETnet_current_whole = [
    1    1    1    1     1     1     1    1    1    1  3.41003E+15 0.00157 
    2    2    1    1     1     1     1    1    1    1 -4.65903E+16 0.00025 
];


DETnet_current_wholeE = [
 0.00000E+00  6.25000E-07  3.12500E-07
 6.25000E-07  1.00000E+37  5.00000E+36
];

DETinward_current_whole = [
    1    1    1    1     1     1     1    1    1    1  5.69558E+16 0.00034 
    2    2    1    1     1     1     1    1    1    1  2.20572E+16 0.00034 
];


DETinward_current_wholeE = [
 0.00000E+00  6.25000E-07  3.12500E-07
 6.25000E-07  1.00000E+37  5.00000E+36
];

DEToutward_current_whole = [
    1    1    1    1     1     1     1    1    1    1 -5.35458E+16 0.00036 
    2    2    1    1     1     1     1    1    1    1 -6.86476E+16 0.00023 
];


DEToutward_current_wholeE = [
 0.00000E+00  6.25000E-07  3.12500E-07
 6.25000E-07  1.00000E+37  5.00000E+36
];

DETnet_current_active = [
    1    1    1    1     1     1     1    1    1    1  1.73347E+15 0.00330 
    2    2    1    1     1     1     1    1    1    1 -5.18517E+16 0.00023 
];


DETnet_current_activeE = [
 0.00000E+00  6.25000E-07  3.12500E-07
 6.25000E-07  1.00000E+37  5.00000E+36
];

DETinward_current_active = [
    1    1    1    1     1     1     1    1    1    1  6.38627E+16 0.00032 
    2    2    1    1     1     1     1    1    1    1  2.44288E+16 0.00032 
];


DETinward_current_activeE = [
 0.00000E+00  6.25000E-07  3.12500E-07
 6.25000E-07  1.00000E+37  5.00000E+36
];

DEToutward_current_active = [
    1    1    1    1     1     1     1    1    1    1 -6.21292E+16 0.00033 
    2    2    1    1     1     1     1    1    1    1 -7.62804E+16 0.00022 
];


DEToutward_current_activeE = [
 0.00000E+00  6.25000E-07  3.12500E-07
 6.25000E-07  1.00000E+37  5.00000E+36
];

DETlattice_flux = [
    1    1    1    1     1     1     1    1    1    1  1.98630E+16 0.00193 
    2    1    1    1     1     2     1    1    1    1  4.52173E+16 0.00143 
    3    1    1    1     1     3     1    1    1    1  6.08898E+16 0.00125 
    4    1    1    1     1     4     1    1    1    1  4.64450E+16 0.00094 
    5    1    1    1     1     5     1    1    1    1  6.70115E+16 0.00075 
    6    1    1    1     1     6     1    1    1    1  7.73918E+16 0.00069 
    7    1    1    1     1     7     1    1    1    1  8.71255E+16 0.00067 
    8    1    1    1     1     8     1    1    1    1  7.99924E+16 0.00070 
    9    1    1    1     1     9     1    1    1    1  5.90544E+16 0.00083 
   10    1    1    1     1    10     1    1    1    1  3.16731E+16 0.00185 
   11    1    1    1     1    11     1    1    1    1  5.66064E+16 0.00124 
   12    1    1    1     1    12     1    1    1    1  4.87219E+16 0.00088 
   13    1    1    1     1    13     1    1    1    1  4.61380E+16 0.00084 
   14    1    1    1     1    14     1    1    1    1  8.15826E+16 0.00067 
   15    1    1    1     1    15     1    1    1    1  7.10649E+16 0.00068 
   16    1    1    1     1    16     1    1    1    1  1.01289E+17 0.00059 
   17    1    1    1     1    17     1    1    1    1  1.22522E+17 0.00059 
   18    1    1    1     1    18     1    1    1    1  7.33147E+16 0.00073 
   19    1    1    1     1    19     1    1    1    1  3.75580E+16 0.00151 
   20    1    1    1     1    20     1    1    1    1  7.21611E+16 0.00110 
   21    1    1    1     1    21     1    1    1    1  9.65312E+16 0.00097 
   22    1    1    1     1    22     1    1    1    1  7.53855E+16 0.00070 
   23    1    1    1     1    23     1    1    1    1  1.10733E+17 0.00058 
   24    1    1    1     1    24     1    1    1    1  1.10834E+17 0.00055 
   25    1    1    1     1    25     1    1    1    1  1.16756E+17 0.00057 
   26    1    1    1     1    26     1    1    1    1  1.01840E+17 0.00059 
   27    1    1    1     1    27     1    1    1    1  7.50195E+16 0.00071 
   28    1    1    1     1    28     1    1    1    1  3.68742E+16 0.00172 
   29    1    1    1     1    29     1    1    1    1  6.57532E+16 0.00113 
   30    1    1    1     1    30     1    1    1    1  6.10679E+16 0.00081 
   31    1    1    1     1    31     1    1    1    1  7.59120E+16 0.00070 
   32    1    1    1     1    32     1    1    1    1  2.03121E+17 0.00056 
   33    1    1    1     1    33     1    1    1    1  1.09993E+17 0.00056 
   34    1    1    1     1    34     1    1    1    1  1.06840E+17 0.00054 
   35    1    1    1     1    35     1    1    1    1  6.51376E+16 0.00074 
   36    1    1    1     1    36     1    1    1    1  7.03042E+16 0.00077 
   37    1    1    1     1    37     1    1    1    1  2.84737E+16 0.00164 
   38    1    1    1     1    38     1    1    1    1  5.54848E+16 0.00125 
   39    1    1    1     1    39     1    1    1    1  4.40953E+16 0.00093 
   40    1    1    1     1    40     1    1    1    1  4.19205E+16 0.00091 
   41    1    1    1     1    41     1    1    1    1  7.68870E+16 0.00067 
   42    1    1    1     1    42     1    1    1    1  6.02104E+16 0.00074 
   43    1    1    1     1    43     1    1    1    1  8.91124E+16 0.00065 
   44    1    1    1     1    44     1    1    1    1  7.49928E+16 0.00070 
   45    1    1    1     1    45     1    1    1    1  5.64702E+16 0.00084 
   46    1    1    1     1    46     1    1    1    1  1.89212E+16 0.00199 
   47    1    1    1     1    47     1    1    1    1  4.67511E+16 0.00149 
   48    1    1    1     1    48     1    1    1    1  6.17702E+16 0.00132 
   49    1    1    1     1    49     1    1    1    1  4.39892E+16 0.00092 
   50    1    1    1     1    50     1    1    1    1  5.87983E+16 0.00082 
   51    1    1    1     1    51     1    1    1    1  6.46613E+16 0.00077 
   52    1    1    1     1    52     1    1    1    1  7.25145E+16 0.00078 
   53    1    1    1     1    53     1    1    1    1  8.79618E+16 0.00097 
   54    1    1    1     1    54     1    1    1    1  4.38467E+16 0.00099 
   55    2    1    1     1     1     1    1    1    1  4.27900E+15 0.00213 
   56    2    1    1     1     2     1    1    1    1  1.87610E+16 0.00135 
   57    2    1    1     1     3     1    1    1    1  4.40051E+16 0.00105 
   58    2    1    1     1     4     1    1    1    1  9.28373E+16 0.00067 
   59    2    1    1     1     5     1    1    1    1  1.25939E+17 0.00057 
   60    2    1    1     1     6     1    1    1    1  1.41116E+17 0.00051 
   61    2    1    1     1     7     1    1    1    1  1.66880E+17 0.00049 
   62    2    1    1     1     8     1    1    1    1  1.59278E+17 0.00053 
   63    2    1    1     1     9     1    1    1    1  1.12820E+17 0.00063 
   64    2    1    1     1    10     1    1    1    1  8.18733E+15 0.00220 
   65    2    1    1     1    11     1    1    1    1  3.24419E+16 0.00107 
   66    2    1    1     1    12     1    1    1    1  8.74346E+16 0.00073 
   67    2    1    1     1    13     1    1    1    1  1.17149E+17 0.00054 
   68    2    1    1     1    14     1    1    1    1  1.84979E+17 0.00046 
   69    2    1    1     1    15     1    1    1    1  1.85762E+17 0.00041 
   70    2    1    1     1    16     1    1    1    1  2.52021E+17 0.00040 
   71    2    1    1     1    17     1    1    1    1  2.04708E+17 0.00042 
   72    2    1    1     1    18     1    1    1    1  1.56459E+17 0.00054 
   73    2    1    1     1    19     1    1    1    1  1.03269E+16 0.00175 
   74    2    1    1     1    20     1    1    1    1  3.82461E+16 0.00101 
   75    2    1    1     1    21     1    1    1    1  8.80916E+16 0.00073 
   76    2    1    1     1    22     1    1    1    1  1.68693E+17 0.00052 
   77    2    1    1     1    23     1    1    1    1  2.22338E+17 0.00042 
   78    2    1    1     1    24     1    1    1    1  2.65298E+17 0.00037 
   79    2    1    1     1    25     1    1    1    1  2.80196E+17 0.00036 
   80    2    1    1     1    26     1    1    1    1  2.25371E+17 0.00042 
   81    2    1    1     1    27     1    1    1    1  1.58417E+17 0.00053 
