
DETnet_current_whole = [
    1    1    1    1     1     1     1    1    1    1  2.24410E+15 0.00195 
    2    2    1    1     1     1     1    1    1    1  9.62237E+14 0.00443 
    3    3    1    1     1     1     1    1    1    1 -1.67824E+14 0.01232 
    4    4    1    1     1     1     1    1    1    1 -3.93435E+14 0.00383 
    5    5    1    1     1     1     1    1    1    1 -1.00445E+15 0.00216 
    6    6    1    1     1     1     1    1    1    1 -5.00244E+15 0.00075 
    7    7    1    1     1     1     1    1    1    1 -1.28567E+16 0.00034 
    8    8    1    1     1     1     1    1    1    1 -2.09449E+16 0.00025 
];


DETnet_current_wholeE = [
 0.00000E+00  5.80000E-08  2.90000E-08
 5.80000E-08  1.40000E-07  9.90000E-08
 1.40000E-07  2.80000E-07  2.10000E-07
 2.80000E-07  6.25000E-07  4.52500E-07
 6.25000E-07  4.00000E-06  2.31250E-06
 4.00000E-06  5.53000E-03  2.76700E-03
 5.53000E-03  8.21000E-01  4.13265E-01
 8.21000E-01  1.00000E+37  5.00000E+36
];

DETinward_current_whole = [
    1    1    1    1     1     1     1    1    1    1  3.11954E+16 0.00032 
    2    2    1    1     1     1     1    1    1    1  1.59631E+16 0.00034 
    3    3    1    1     1     1     1    1    1    1  2.50463E+15 0.00066 
    4    4    1    1     1     1     1    1    1    1  1.23010E+15 0.00089 
    5    5    1    1     1     1     1    1    1    1  2.36935E+15 0.00063 
    6    6    1    1     1     1     1    1    1    1  8.19532E+15 0.00036 
    7    7    1    1     1     1     1    1    1    1  6.39801E+15 0.00042 
    8    8    1    1     1     1     1    1    1    1  1.97277E+15 0.00070 
];


DETinward_current_wholeE = [
 0.00000E+00  5.80000E-08  2.90000E-08
 5.80000E-08  1.40000E-07  9.90000E-08
 1.40000E-07  2.80000E-07  2.10000E-07
 2.80000E-07  6.25000E-07  4.52500E-07
 6.25000E-07  4.00000E-06  2.31250E-06
 4.00000E-06  5.53000E-03  2.76700E-03
 5.53000E-03  8.21000E-01  4.13265E-01
 8.21000E-01  1.00000E+37  5.00000E+36
];

DEToutward_current_whole = [
    1    1    1    1     1     1     1    1    1    1 -2.89513E+16 0.00033 
    2    2    1    1     1     1     1    1    1    1 -1.50009E+16 0.00035 
    3    3    1    1     1     1     1    1    1    1 -2.67245E+15 0.00065 
    4    4    1    1     1     1     1    1    1    1 -1.62354E+15 0.00076 
    5    5    1    1     1     1     1    1    1    1 -3.37380E+15 0.00053 
    6    6    1    1     1     1     1    1    1    1 -1.31978E+16 0.00030 
    7    7    1    1     1     1     1    1    1    1 -1.92547E+16 0.00026 
    8    8    1    1     1     1     1    1    1    1 -2.29177E+16 0.00024 
];


DEToutward_current_wholeE = [
 0.00000E+00  5.80000E-08  2.90000E-08
 5.80000E-08  1.40000E-07  9.90000E-08
 1.40000E-07  2.80000E-07  2.10000E-07
 2.80000E-07  6.25000E-07  4.52500E-07
 6.25000E-07  4.00000E-06  2.31250E-06
 4.00000E-06  5.53000E-03  2.76700E-03
 5.53000E-03  8.21000E-01  4.13265E-01
 8.21000E-01  1.00000E+37  5.00000E+36
];

DETnet_current_active = [
    1    1    1    1     1     1     1    1    1    1  1.38078E+15 0.00339 
    2    2    1    1     1     1     1    1    1    1  4.43472E+14 0.00999 
    3    3    1    1     1     1     1    1    1    1 -2.81339E+14 0.00753 
    4    4    1    1     1     1     1    1    1    1 -4.81258E+14 0.00342 
    5    5    1    1     1     1     1    1    1    1 -1.21074E+15 0.00190 
    6    6    1    1     1     1     1    1    1    1 -5.79655E+15 0.00069 
    7    7    1    1     1     1     1    1    1    1 -1.41786E+16 0.00033 
    8    8    1    1     1     1     1    1    1    1 -2.34309E+16 0.00024 
];


DETnet_current_activeE = [
 0.00000E+00  5.80000E-08  2.90000E-08
 5.80000E-08  1.40000E-07  9.90000E-08
 1.40000E-07  2.80000E-07  2.10000E-07
 2.80000E-07  6.25000E-07  4.52500E-07
 6.25000E-07  4.00000E-06  2.31250E-06
 4.00000E-06  5.53000E-03  2.76700E-03
 5.53000E-03  8.21000E-01  4.13265E-01
 8.21000E-01  1.00000E+37  5.00000E+36
];

DETinward_current_active = [
    1    1    1    1     1     1     1    1    1    1  3.47902E+16 0.00031 
    2    2    1    1     1     1     1    1    1    1  1.77339E+16 0.00032 
    3    3    1    1     1     1     1    1    1    1  2.77271E+15 0.00061 
    4    4    1    1     1     1     1    1    1    1  1.35982E+15 0.00086 
    5    5    1    1     1     1     1    1    1    1  2.61493E+15 0.00061 
    6    6    1    1     1     1     1    1    1    1  9.03928E+15 0.00035 
    7    7    1    1     1     1     1    1    1    1  7.19808E+15 0.00039 
    8    8    1    1     1     1     1    1    1    1  2.26230E+15 0.00066 
];


DETinward_current_activeE = [
 0.00000E+00  5.80000E-08  2.90000E-08
 5.80000E-08  1.40000E-07  9.90000E-08
 1.40000E-07  2.80000E-07  2.10000E-07
 2.80000E-07  6.25000E-07  4.52500E-07
 6.25000E-07  4.00000E-06  2.31250E-06
 4.00000E-06  5.53000E-03  2.76700E-03
 5.53000E-03  8.21000E-01  4.13265E-01
 8.21000E-01  1.00000E+37  5.00000E+36
];

DEToutward_current_active = [
    1    1    1    1     1     1     1    1    1    1 -3.34094E+16 0.00031 
    2    2    1    1     1     1     1    1    1    1 -1.72905E+16 0.00033 
    3    3    1    1     1     1     1    1    1    1 -3.05405E+15 0.00059 
    4    4    1    1     1     1     1    1    1    1 -1.84108E+15 0.00073 
    5    5    1    1     1     1     1    1    1    1 -3.82566E+15 0.00050 
    6    6    1    1     1     1     1    1    1    1 -1.48358E+16 0.00029 
    7    7    1    1     1     1     1    1    1    1 -2.13767E+16 0.00025 
    8    8    1    1     1     1     1    1    1    1 -2.56932E+16 0.00023 
];


DEToutward_current_activeE = [
 0.00000E+00  5.80000E-08  2.90000E-08
 5.80000E-08  1.40000E-07  9.90000E-08
 1.40000E-07  2.80000E-07  2.10000E-07
 2.80000E-07  6.25000E-07  4.52500E-07
 6.25000E-07  4.00000E-06  2.31250E-06
 4.00000E-06  5.53000E-03  2.76700E-03
 5.53000E-03  8.21000E-01  4.13265E-01
 8.21000E-01  1.00000E+37  5.00000E+36
];

