
DETnet_current_whole = [
    1    1    1    1     1     1     1    1    1    1  3.40651E+15 0.00112 
    2    2    1    1     1     1     1    1    1    1 -6.84046E+15 0.00060 
    3    3    1    1     1     1     1    1    1    1 -1.51264E+16 0.00029 
    4    4    1    1     1     1     1    1    1    1 -2.46045E+16 0.00022 
];


DETnet_current_wholeE = [
 0.00000E+00  6.25000E-07  3.12500E-07
 6.25000E-07  5.53000E-03  2.76531E-03
 5.53000E-03  8.21000E-01  4.13265E-01
 8.21000E-01  1.00000E+37  5.00000E+36
];

DETinward_current_whole = [
    1    1    1    1     1     1     1    1    1    1  5.69499E+16 0.00025 
    2    2    1    1     1     1     1    1    1    1  1.22662E+16 0.00029 
    3    3    1    1     1     1     1    1    1    1  7.48431E+15 0.00037 
    4    4    1    1     1     1     1    1    1    1  2.29005E+15 0.00063 
];


DETinward_current_wholeE = [
 0.00000E+00  6.25000E-07  3.12500E-07
 6.25000E-07  5.53000E-03  2.76531E-03
 5.53000E-03  8.21000E-01  4.13265E-01
 8.21000E-01  1.00000E+37  5.00000E+36
];

DEToutward_current_whole = [
    1    1    1    1     1     1     1    1    1    1 -5.35434E+16 0.00026 
    2    2    1    1     1     1     1    1    1    1 -1.91067E+16 0.00024 
    3    3    1    1     1     1     1    1    1    1 -2.26107E+16 0.00023 
    4    4    1    1     1     1     1    1    1    1 -2.68945E+16 0.00022 
];


DEToutward_current_wholeE = [
 0.00000E+00  6.25000E-07  3.12500E-07
 6.25000E-07  5.53000E-03  2.76531E-03
 5.53000E-03  8.21000E-01  4.13265E-01
 8.21000E-01  1.00000E+37  5.00000E+36
];

DETnet_current_active = [
    1    1    1    1     1     1     1    1    1    1  1.72647E+15 0.00234 
    2    2    1    1     1     1     1    1    1    1 -7.93809E+15 0.00054 
    3    3    1    1     1     1     1    1    1    1 -1.65736E+16 0.00027 
    4    4    1    1     1     1     1    1    1    1 -2.73197E+16 0.00021 
];


DETnet_current_activeE = [
 0.00000E+00  6.25000E-07  3.12500E-07
 6.25000E-07  5.53000E-03  2.76531E-03
 5.53000E-03  8.21000E-01  4.13265E-01
 8.21000E-01  1.00000E+37  5.00000E+36
];

DETinward_current_active = [
    1    1    1    1     1     1     1    1    1    1  6.38366E+16 0.00023 
    2    2    1    1     1     1     1    1    1    1  1.34592E+16 0.00028 
    3    3    1    1     1     1     1    1    1    1  8.34991E+15 0.00035 
    4    4    1    1     1     1     1    1    1    1  2.60224E+15 0.00060 
];


DETinward_current_activeE = [
 0.00000E+00  6.25000E-07  3.12500E-07
 6.25000E-07  5.53000E-03  2.76531E-03
 5.53000E-03  8.21000E-01  4.13265E-01
 8.21000E-01  1.00000E+37  5.00000E+36
];

DEToutward_current_active = [
    1    1    1    1     1     1     1    1    1    1 -6.21101E+16 0.00023 
    2    2    1    1     1     1     1    1    1    1 -2.13973E+16 0.00023 
    3    3    1    1     1     1     1    1    1    1 -2.49235E+16 0.00021 
    4    4    1    1     1     1     1    1    1    1 -2.99220E+16 0.00021 
];


DEToutward_current_activeE = [
 0.00000E+00  6.25000E-07  3.12500E-07
 6.25000E-07  5.53000E-03  2.76531E-03
 5.53000E-03  8.21000E-01  4.13265E-01
 8.21000E-01  1.00000E+37  5.00000E+36
];

DETlattice_flux = [
    1    1    1    1     1     1     1    1    1    1  1.98624E+16 0.00139 
    2    1    1    1     1     2     1    1    1    1  4.52636E+16 0.00109 
    3    1    1    1     1     3     1    1    1    1  6.09486E+16 0.00096 
    4    1    1    1     1     4     1    1    1    1  4.64444E+16 0.00065 
    5    1    1    1     1     5     1    1    1    1  6.71919E+16 0.00057 
    6    1    1    1     1     6     1    1    1    1  7.73899E+16 0.00052 
    7    1    1    1     1     7     1    1    1    1  8.70924E+16 0.00048 
    8    1    1    1     1     8     1    1    1    1  7.99070E+16 0.00051 
    9    1    1    1     1     9     1    1    1    1  5.90510E+16 0.00062 
   10    1    1    1     1    10     1    1    1    1  3.16496E+16 0.00136 
   11    1    1    1     1    11     1    1    1    1  5.66013E+16 0.00090 
   12    1    1    1     1    12     1    1    1    1  4.87575E+16 0.00067 
   13    1    1    1     1    13     1    1    1    1  4.61905E+16 0.00064 
   14    1    1    1     1    14     1    1    1    1  8.16507E+16 0.00050 
   15    1    1    1     1    15     1    1    1    1  7.10699E+16 0.00052 
   16    1    1    1     1    16     1    1    1    1  1.01243E+17 0.00042 
   17    1    1    1     1    17     1    1    1    1  1.22663E+17 0.00044 
   18    1    1    1     1    18     1    1    1    1  7.32934E+16 0.00052 
   19    1    1    1     1    19     1    1    1    1  3.76194E+16 0.00114 
   20    1    1    1     1    20     1    1    1    1  7.22559E+16 0.00080 
   21    1    1    1     1    21     1    1    1    1  9.67723E+16 0.00074 
   22    1    1    1     1    22     1    1    1    1  7.54685E+16 0.00051 
   23    1    1    1     1    23     1    1    1    1  1.10745E+17 0.00042 
   24    1    1    1     1    24     1    1    1    1  1.10751E+17 0.00040 
   25    1    1    1     1    25     1    1    1    1  1.16787E+17 0.00038 
   26    1    1    1     1    26     1    1    1    1  1.02084E+17 0.00043 
   27    1    1    1     1    27     1    1    1    1  7.51786E+16 0.00053 
   28    1    1    1     1    28     1    1    1    1  3.68588E+16 0.00123 
   29    1    1    1     1    29     1    1    1    1  6.58242E+16 0.00081 
   30    1    1    1     1    30     1    1    1    1  6.12462E+16 0.00060 
   31    1    1    1     1    31     1    1    1    1  7.59909E+16 0.00049 
   32    1    1    1     1    32     1    1    1    1  2.02900E+17 0.00042 
   33    1    1    1     1    33     1    1    1    1  1.09756E+17 0.00041 
   34    1    1    1     1    34     1    1    1    1  1.06770E+17 0.00043 
   35    1    1    1     1    35     1    1    1    1  6.51022E+16 0.00053 
   36    1    1    1     1    36     1    1    1    1  7.03390E+16 0.00056 
   37    1    1    1     1    37     1    1    1    1  2.85204E+16 0.00121 
   38    1    1    1     1    38     1    1    1    1  5.55425E+16 0.00091 
   39    1    1    1     1    39     1    1    1    1  4.41315E+16 0.00069 
   40    1    1    1     1    40     1    1    1    1  4.19297E+16 0.00065 
   41    1    1    1     1    41     1    1    1    1  7.67467E+16 0.00051 
   42    1    1    1     1    42     1    1    1    1  6.01393E+16 0.00055 
   43    1    1    1     1    43     1    1    1    1  8.90588E+16 0.00048 
   44    1    1    1     1    44     1    1    1    1  7.48568E+16 0.00052 
   45    1    1    1     1    45     1    1    1    1  5.64631E+16 0.00060 
   46    1    1    1     1    46     1    1    1    1  1.89507E+16 0.00147 
   47    1    1    1     1    47     1    1    1    1  4.68158E+16 0.00105 
   48    1    1    1     1    48     1    1    1    1  6.17752E+16 0.00092 
   49    1    1    1     1    49     1    1    1    1  4.39315E+16 0.00070 
   50    1    1    1     1    50     1    1    1    1  5.87205E+16 0.00061 
   51    1    1    1     1    51     1    1    1    1  6.45987E+16 0.00059 
   52    1    1    1     1    52     1    1    1    1  7.24551E+16 0.00055 
   53    1    1    1     1    53     1    1    1    1  8.77914E+16 0.00072 
   54    1    1    1     1    54     1    1    1    1  4.38062E+16 0.00071 
   55    2    1    1     1     1     1    1    1    1  1.75841E+15 0.00183 
   56    2    1    1     1     2     1    1    1    1  7.42576E+15 0.00131 
   57    2    1    1     1     3     1    1    1    1  1.62111E+16 0.00104 
   58    2    1    1     1     4     1    1    1    1  2.80333E+16 0.00060 
   59    2    1    1     1     5     1    1    1    1  3.90176E+16 0.00051 
   60    2    1    1     1     6     1    1    1    1  4.45991E+16 0.00048 
   61    2    1    1     1     7     1    1    1    1  5.16755E+16 0.00044 
   62    2    1    1     1     8     1    1    1    1  4.84154E+16 0.00046 
   63    2    1    1     1     9     1    1    1    1  3.36369E+16 0.00060 
