
DETnet_current_whole = [
    1    1    1    1     1     1     1    1    1    1  2.65816E+15 0.00056 
    2    2    1    1     1     1     1    1    1    1 -3.98205E+16 0.00008 
];


DETnet_current_wholeE = [
 0.00000E+00  6.25000E-07  3.12500E-07
 6.25000E-07  1.00000E+37  5.00000E+36
];

DETinward_current_whole = [
    1    1    1    1     1     1     1    1    1    1  5.09099E+16 0.00011 
    2    2    1    1     1     1     1    1    1    1  1.89414E+16 0.00011 
];


DETinward_current_wholeE = [
 0.00000E+00  6.25000E-07  3.12500E-07
 6.25000E-07  1.00000E+37  5.00000E+36
];

DEToutward_current_whole = [
    1    1    1    1     1     1     1    1    1    1 -4.82517E+16 0.00011 
    2    2    1    1     1     1     1    1    1    1 -5.87619E+16 0.00007 
];


DEToutward_current_wholeE = [
 0.00000E+00  6.25000E-07  3.12500E-07
 6.25000E-07  1.00000E+37  5.00000E+36
];

DETnet_current_active = [
    1    1    1    1     1     1     1    1    1    1  1.07274E+15 0.00151 
    2    2    1    1     1     1     1    1    1    1 -4.46232E+16 0.00007 
];


DETnet_current_activeE = [
 0.00000E+00  6.25000E-07  3.12500E-07
 6.25000E-07  1.00000E+37  5.00000E+36
];

DETinward_current_active = [
    1    1    1    1     1     1     1    1    1    1  5.66636E+16 0.00010 
    2    2    1    1     1     1     1    1    1    1  2.11247E+16 0.00010 
];


DETinward_current_activeE = [
 0.00000E+00  6.25000E-07  3.12500E-07
 6.25000E-07  1.00000E+37  5.00000E+36
];

DEToutward_current_active = [
    1    1    1    1     1     1     1    1    1    1 -5.55909E+16 0.00011 
    2    2    1    1     1     1     1    1    1    1 -6.57480E+16 0.00007 
];


DEToutward_current_activeE = [
 0.00000E+00  6.25000E-07  3.12500E-07
 6.25000E-07  1.00000E+37  5.00000E+36
];

DETlattice_flux = [
    1    1    1    1     1     1     1    1    1    1  2.03107E+16 0.00060 
    2    1    1    1     1     2     1    1    1    1  4.69573E+16 0.00043 
    3    1    1    1     1     3     1    1    1    1  6.50089E+16 0.00040 
    4    1    1    1     1     4     1    1    1    1  5.21552E+16 0.00025 
    5    1    1    1     1     5     1    1    1    1  6.71467E+16 0.00023 
    6    1    1    1     1     6     1    1    1    1  7.80849E+16 0.00022 
    7    1    1    1     1     7     1    1    1    1  7.14424E+16 0.00023 
    8    1    1    1     1     8     1    1    1    1  5.87893E+16 0.00025 
    9    1    1    1     1     9     1    1    1    1  4.09031E+16 0.00031 
   10    1    1    1     1    10     1    1    1    1  3.20735E+16 0.00057 
   11    1    1    1     1    11     1    1    1    1  5.78488E+16 0.00038 
   12    1    1    1     1    12     1    1    1    1  5.29635E+16 0.00026 
   13    1    1    1     1    13     1    1    1    1  8.92449E+16 0.00023 
   14    1    1    1     1    14     1    1    1    1  8.62952E+16 0.00019 
   15    1    1    1     1    15     1    1    1    1  1.27119E+17 0.00019 
   16    1    1    1     1    16     1    1    1    1  8.71751E+16 0.00020 
   17    1    1    1     1    17     1    1    1    1  9.38966E+16 0.00022 
   18    1    1    1     1    18     1    1    1    1  5.31421E+16 0.00026 
   19    1    1    1     1    19     1    1    1    1  3.79303E+16 0.00047 
   20    1    1    1     1    20     1    1    1    1  7.31423E+16 0.00034 
   21    1    1    1     1    21     1    1    1    1  9.92013E+16 0.00030 
   22    1    1    1     1    22     1    1    1    1  8.04474E+16 0.00021 
   23    1    1    1     1    23     1    1    1    1  1.08091E+17 0.00018 
   24    1    1    1     1    24     1    1    1    1  1.09347E+17 0.00017 
   25    1    1    1     1    25     1    1    1    1  1.02822E+17 0.00018 
   26    1    1    1     1    26     1    1    1    1  9.08659E+16 0.00020 
   27    1    1    1     1    27     1    1    1    1  5.95801E+16 0.00025 
   28    1    1    1     1    28     1    1    1    1  3.72444E+16 0.00053 
   29    1    1    1     1    29     1    1    1    1  6.67020E+16 0.00035 
   30    1    1    1     1    30     1    1    1    1  6.28491E+16 0.00025 
   31    1    1    1     1    31     1    1    1    1  8.13752E+16 0.00021 
   32    1    1    1     1    32     1    1    1    1  2.01536E+17 0.00018 
   33    1    1    1     1    33     1    1    1    1  1.10782E+17 0.00017 
   34    1    1    1     1    34     1    1    1    1  1.01879E+17 0.00019 
   35    1    1    1     1    35     1    1    1    1  1.12867E+17 0.00020 
   36    1    1    1     1    36     1    1    1    1  6.23943E+16 0.00025 
   37    1    1    1     1    37     1    1    1    1  2.91059E+16 0.00050 
   38    1    1    1     1    38     1    1    1    1  5.73934E+16 0.00038 
   39    1    1    1     1    39     1    1    1    1  4.88128E+16 0.00028 
   40    1    1    1     1    40     1    1    1    1  8.32071E+16 0.00023 
   41    1    1    1     1    41     1    1    1    1  8.47196E+16 0.00020 
   42    1    1    1     1    42     1    1    1    1  1.14125E+17 0.00020 
   43    1    1    1     1    43     1    1    1    1  8.85194E+16 0.00020 
   44    1    1    1     1    44     1    1    1    1  7.56791E+16 0.00022 
   45    1    1    1     1    45     1    1    1    1  4.99282E+16 0.00028 
   46    1    1    1     1    46     1    1    1    1  1.97963E+16 0.00060 
   47    1    1    1     1    47     1    1    1    1  4.97250E+16 0.00041 
   48    1    1    1     1    48     1    1    1    1  6.80801E+16 0.00038 
   49    1    1    1     1    49     1    1    1    1  5.17722E+16 0.00027 
   50    1    1    1     1    50     1    1    1    1  6.33870E+16 0.00025 
   51    1    1    1     1    51     1    1    1    1  7.28200E+16 0.00023 
   52    1    1    1     1    52     1    1    1    1  7.00279E+16 0.00023 
   53    1    1    1     1    53     1    1    1    1  7.97184E+16 0.00032 
   54    1    1    1     1    54     1    1    1    1  3.76616E+16 0.00033 
   55    2    1    1     1     1     1    1    1    1  4.37392E+15 0.00064 
   56    2    1    1     1     2     1    1    1    1  1.93472E+16 0.00041 
   57    2    1    1     1     3     1    1    1    1  4.61732E+16 0.00032 
   58    2    1    1     1     4     1    1    1    1  9.65619E+16 0.00021 
   59    2    1    1     1     5     1    1    1    1  1.21855E+17 0.00018 
   60    2    1    1     1     6     1    1    1    1  1.29991E+17 0.00017 
   61    2    1    1     1     7     1    1    1    1  1.31739E+17 0.00017 
   62    2    1    1     1     8     1    1    1    1  1.12455E+17 0.00018 
   63    2    1    1     1     9     1    1    1    1  7.49285E+16 0.00025 
   64    2    1    1     1    10     1    1    1    1  8.22589E+15 0.00068 
   65    2    1    1     1    11     1    1    1    1  3.26499E+16 0.00033 
   66    2    1    1     1    12     1    1    1    1  9.08630E+16 0.00022 
   67    2    1    1     1    13     1    1    1    1  1.27860E+17 0.00016 
   68    2    1    1     1    14     1    1    1    1  1.83546E+17 0.00014 
   69    2    1    1     1    15     1    1    1    1  1.81974E+17 0.00013 
   70    2    1    1     1    16     1    1    1    1  2.06868E+17 0.00014 
   71    2    1    1     1    17     1    1    1    1  1.52558E+17 0.00016 
   72    2    1    1     1    18     1    1    1    1  1.08902E+17 0.00020 
   73    2    1    1     1    19     1    1    1    1  1.03157E+16 0.00053 
   74    2    1    1     1    20     1    1    1    1  3.82050E+16 0.00030 
   75    2    1    1     1    21     1    1    1    1  8.83739E+16 0.00023 
   76    2    1    1     1    22     1    1    1    1  1.67334E+17 0.00015 
   77    2    1    1     1    23     1    1    1    1  2.09183E+17 0.00013 
   78    2    1    1     1    24     1    1    1    1  2.41992E+17 0.00012 
   79    2    1    1     1    25     1    1    1    1  2.37021E+17 0.00012 
   80    2    1    1     1    26     1    1    1    1  1.84520E+17 0.00015 
   81    2    1    1     1    27     1    1    1    1  1.20475E+17 0.00019 
