
DETnet_current_whole = [
    1    1    1    1     1     1     1    1    1    1  2.82922E+15 0.00159 
    2    2    1    1     1     1     1    1    1    1 -4.29146E+16 0.00022 
];


DETnet_current_wholeE = [
 0.00000E+00  6.25000E-07  3.12500E-07
 6.25000E-07  1.00000E+37  5.00000E+36
];

DETinward_current_whole = [
    1    1    1    1     1     1     1    1    1    1  5.43361E+16 0.00029 
    2    2    1    1     1     1     1    1    1    1  2.03166E+16 0.00030 
];


DETinward_current_wholeE = [
 0.00000E+00  6.25000E-07  3.12500E-07
 6.25000E-07  1.00000E+37  5.00000E+36
];

DEToutward_current_whole = [
    1    1    1    1     1     1     1    1    1    1 -5.15068E+16 0.00030 
    2    2    1    1     1     1     1    1    1    1 -6.32313E+16 0.00021 
];


DEToutward_current_wholeE = [
 0.00000E+00  6.25000E-07  3.12500E-07
 6.25000E-07  1.00000E+37  5.00000E+36
];

DETnet_current_active = [
    1    1    1    1     1     1     1    1    1    1  1.09303E+15 0.00442 
    2    2    1    1     1     1     1    1    1    1 -4.77381E+16 0.00021 
];


DETnet_current_activeE = [
 0.00000E+00  6.25000E-07  3.12500E-07
 6.25000E-07  1.00000E+37  5.00000E+36
];

DETinward_current_active = [
    1    1    1    1     1     1     1    1    1    1  5.92046E+16 0.00028 
    2    2    1    1     1     1     1    1    1    1  2.27039E+16 0.00028 
];


DETinward_current_activeE = [
 0.00000E+00  6.25000E-07  3.12500E-07
 6.25000E-07  1.00000E+37  5.00000E+36
];

DEToutward_current_active = [
    1    1    1    1     1     1     1    1    1    1 -5.81115E+16 0.00029 
    2    2    1    1     1     1     1    1    1    1 -7.04420E+16 0.00020 
];


DEToutward_current_activeE = [
 0.00000E+00  6.25000E-07  3.12500E-07
 6.25000E-07  1.00000E+37  5.00000E+36
];

DETlattice_flux = [
    1    1    1    1     1     1     1    1    1    1  2.02132E+16 0.00163 
    2    1    1    1     1     2     1    1    1    1  4.63788E+16 0.00124 
    3    1    1    1     1     3     1    1    1    1  6.40144E+16 0.00103 
    4    1    1    1     1     4     1    1    1    1  5.02901E+16 0.00071 
    5    1    1    1     1     5     1    1    1    1  6.77105E+16 0.00066 
    6    1    1    1     1     6     1    1    1    1  7.77381E+16 0.00064 
    7    1    1    1     1     7     1    1    1    1  7.77657E+16 0.00062 
    8    1    1    1     1     8     1    1    1    1  6.76751E+16 0.00062 
    9    1    1    1     1     9     1    1    1    1  4.83323E+16 0.00080 
   10    1    1    1     1    10     1    1    1    1  3.19869E+16 0.00154 
   11    1    1    1     1    11     1    1    1    1  5.77888E+16 0.00104 
   12    1    1    1     1    12     1    1    1    1  5.16701E+16 0.00074 
   13    1    1    1     1    13     1    1    1    1  7.31385E+16 0.00068 
   14    1    1    1     1    14     1    1    1    1  8.50206E+16 0.00056 
   15    1    1    1     1    15     1    1    1    1  1.06457E+17 0.00058 
   16    1    1    1     1    16     1    1    1    1  9.31092E+16 0.00053 
   17    1    1    1     1    17     1    1    1    1  1.07594E+17 0.00054 
   18    1    1    1     1    18     1    1    1    1  6.13168E+16 0.00067 
   19    1    1    1     1    19     1    1    1    1  3.80075E+16 0.00134 
   20    1    1    1     1    20     1    1    1    1  7.32714E+16 0.00095 
   21    1    1    1     1    21     1    1    1    1  9.97310E+16 0.00085 
   22    1    1    1     1    22     1    1    1    1  7.90082E+16 0.00059 
   23    1    1    1     1    23     1    1    1    1  1.09848E+17 0.00049 
   24    1    1    1     1    24     1    1    1    1  1.10124E+17 0.00048 
   25    1    1    1     1    25     1    1    1    1  1.08508E+17 0.00049 
   26    1    1    1     1    26     1    1    1    1  9.55129E+16 0.00052 
   27    1    1    1     1    27     1    1    1    1  6.56963E+16 0.00067 
   28    1    1    1     1    28     1    1    1    1  3.72331E+16 0.00148 
   29    1    1    1     1    29     1    1    1    1  6.70394E+16 0.00098 
   30    1    1    1     1    30     1    1    1    1  6.29177E+16 0.00068 
   31    1    1    1     1    31     1    1    1    1  7.97204E+16 0.00058 
   32    1    1    1     1    32     1    1    1    1  2.03325E+17 0.00049 
   33    1    1    1     1    33     1    1    1    1  1.10636E+17 0.00047 
   34    1    1    1     1    34     1    1    1    1  1.04038E+17 0.00049 
   35    1    1    1     1    35     1    1    1    1  9.53893E+16 0.00060 
   36    1    1    1     1    36     1    1    1    1  6.55439E+16 0.00065 
   37    1    1    1     1    37     1    1    1    1  2.91687E+16 0.00140 
   38    1    1    1     1    38     1    1    1    1  5.72461E+16 0.00107 
   39    1    1    1     1    39     1    1    1    1  4.74756E+16 0.00076 
   40    1    1    1     1    40     1    1    1    1  6.75890E+16 0.00067 
   41    1    1    1     1    41     1    1    1    1  8.22089E+16 0.00057 
   42    1    1    1     1    42     1    1    1    1  9.37108E+16 0.00058 
   43    1    1    1     1    43     1    1    1    1  8.88297E+16 0.00055 
   44    1    1    1     1    44     1    1    1    1  7.53269E+16 0.00064 
   45    1    1    1     1    45     1    1    1    1  5.26844E+16 0.00077 
   46    1    1    1     1    46     1    1    1    1  1.97124E+16 0.00162 
   47    1    1    1     1    47     1    1    1    1  4.88644E+16 0.00119 
   48    1    1    1     1    48     1    1    1    1  6.64459E+16 0.00109 
   49    1    1    1     1    49     1    1    1    1  4.90925E+16 0.00078 
   50    1    1    1     1    50     1    1    1    1  6.21868E+16 0.00069 
   51    1    1    1     1    51     1    1    1    1  6.98061E+16 0.00067 
   52    1    1    1     1    52     1    1    1    1  7.13649E+16 0.00069 
   53    1    1    1     1    53     1    1    1    1  8.35363E+16 0.00089 
   54    1    1    1     1    54     1    1    1    1  4.05433E+16 0.00090 
   55    2    1    1     1     1     1    1    1    1  4.37101E+15 0.00191 
   56    2    1    1     1     2     1    1    1    1  1.91765E+16 0.00114 
   57    2    1    1     1     3     1    1    1    1  4.55578E+16 0.00086 
   58    2    1    1     1     4     1    1    1    1  9.62912E+16 0.00056 
   59    2    1    1     1     5     1    1    1    1  1.24498E+17 0.00050 
   60    2    1    1     1     6     1    1    1    1  1.34649E+17 0.00046 
   61    2    1    1     1     7     1    1    1    1  1.46077E+17 0.00048 
   62    2    1    1     1     8     1    1    1    1  1.31151E+17 0.00047 
   63    2    1    1     1     9     1    1    1    1  8.98517E+16 0.00061 
   64    2    1    1     1    10     1    1    1    1  8.27846E+15 0.00185 
   65    2    1    1     1    11     1    1    1    1  3.29453E+16 0.00090 
   66    2    1    1     1    12     1    1    1    1  9.08204E+16 0.00060 
   67    2    1    1     1    13     1    1    1    1  1.24664E+17 0.00050 
   68    2    1    1     1    14     1    1    1    1  1.85896E+17 0.00039 
   69    2    1    1     1    15     1    1    1    1  1.84126E+17 0.00037 
   70    2    1    1     1    16     1    1    1    1  2.25907E+17 0.00035 
   71    2    1    1     1    17     1    1    1    1  1.73477E+17 0.00040 
   72    2    1    1     1    18     1    1    1    1  1.27661E+17 0.00049 
   73    2    1    1     1    19     1    1    1    1  1.04369E+16 0.00145 
   74    2    1    1     1    20     1    1    1    1  3.85035E+16 0.00081 
   75    2    1    1     1    21     1    1    1    1  8.89795E+16 0.00065 
   76    2    1    1     1    22     1    1    1    1  1.70198E+17 0.00043 
   77    2    1    1     1    23     1    1    1    1  2.16786E+17 0.00037 
   78    2    1    1     1    24     1    1    1    1  2.53145E+17 0.00034 
   79    2    1    1     1    25     1    1    1    1  2.55639E+17 0.00034 
   80    2    1    1     1    26     1    1    1    1  2.01174E+17 0.00037 
   81    2    1    1     1    27     1    1    1    1  1.35374E+17 0.00049 
