
DETnet_current_whole = [
    1    1    1    1     1     1     1    1    1    1  2.65269E+15 0.00200 
    2    2    1    1     1     1     1    1    1    1 -3.98164E+16 0.00027 
];


DETnet_current_wholeE = [
 0.00000E+00  6.25000E-07  3.12500E-07
 6.25000E-07  1.00000E+37  5.00000E+36
];

DETinward_current_whole = [
    1    1    1    1     1     1     1    1    1    1  5.09115E+16 0.00040 
    2    2    1    1     1     1     1    1    1    1  1.89455E+16 0.00039 
];


DETinward_current_wholeE = [
 0.00000E+00  6.25000E-07  3.12500E-07
 6.25000E-07  1.00000E+37  5.00000E+36
];

DEToutward_current_whole = [
    1    1    1    1     1     1     1    1    1    1 -4.82588E+16 0.00042 
    2    2    1    1     1     1     1    1    1    1 -5.87619E+16 0.00025 
];


DEToutward_current_wholeE = [
 0.00000E+00  6.25000E-07  3.12500E-07
 6.25000E-07  1.00000E+37  5.00000E+36
];

DETnet_current_active = [
    1    1    1    1     1     1     1    1    1    1  1.06616E+15 0.00533 
    2    2    1    1     1     1     1    1    1    1 -4.46233E+16 0.00025 
];


DETnet_current_activeE = [
 0.00000E+00  6.25000E-07  3.12500E-07
 6.25000E-07  1.00000E+37  5.00000E+36
];

DETinward_current_active = [
    1    1    1    1     1     1     1    1    1    1  5.66653E+16 0.00038 
    2    2    1    1     1     1     1    1    1    1  2.11259E+16 0.00037 
];


DETinward_current_activeE = [
 0.00000E+00  6.25000E-07  3.12500E-07
 6.25000E-07  1.00000E+37  5.00000E+36
];

DEToutward_current_active = [
    1    1    1    1     1     1     1    1    1    1 -5.55992E+16 0.00039 
    2    2    1    1     1     1     1    1    1    1 -6.57492E+16 0.00024 
];


DEToutward_current_activeE = [
 0.00000E+00  6.25000E-07  3.12500E-07
 6.25000E-07  1.00000E+37  5.00000E+36
];

DETlattice_flux = [
    1    1    1    1     1     1     1    1    1    1  2.03302E+16 0.00211 
    2    1    1    1     1     2     1    1    1    1  4.70066E+16 0.00152 
    3    1    1    1     1     3     1    1    1    1  6.51817E+16 0.00136 
    4    1    1    1     1     4     1    1    1    1  5.21694E+16 0.00092 
    5    1    1    1     1     5     1    1    1    1  6.71802E+16 0.00080 
    6    1    1    1     1     6     1    1    1    1  7.81047E+16 0.00077 
    7    1    1    1     1     7     1    1    1    1  7.14642E+16 0.00082 
    8    1    1    1     1     8     1    1    1    1  5.86970E+16 0.00093 
    9    1    1    1     1     9     1    1    1    1  4.07753E+16 0.00105 
   10    1    1    1     1    10     1    1    1    1  3.20457E+16 0.00195 
   11    1    1    1     1    11     1    1    1    1  5.78913E+16 0.00130 
   12    1    1    1     1    12     1    1    1    1  5.29945E+16 0.00092 
   13    1    1    1     1    13     1    1    1    1  8.93360E+16 0.00081 
   14    1    1    1     1    14     1    1    1    1  8.63566E+16 0.00070 
   15    1    1    1     1    15     1    1    1    1  1.27168E+17 0.00066 
   16    1    1    1     1    16     1    1    1    1  8.71537E+16 0.00069 
   17    1    1    1     1    17     1    1    1    1  9.37854E+16 0.00075 
   18    1    1    1     1    18     1    1    1    1  5.31037E+16 0.00092 
   19    1    1    1     1    19     1    1    1    1  3.78965E+16 0.00166 
   20    1    1    1     1    20     1    1    1    1  7.31857E+16 0.00119 
   21    1    1    1     1    21     1    1    1    1  9.92427E+16 0.00105 
   22    1    1    1     1    22     1    1    1    1  8.04000E+16 0.00074 
   23    1    1    1     1    23     1    1    1    1  1.08001E+17 0.00064 
   24    1    1    1     1    24     1    1    1    1  1.09338E+17 0.00060 
   25    1    1    1     1    25     1    1    1    1  1.02823E+17 0.00063 
   26    1    1    1     1    26     1    1    1    1  9.09241E+16 0.00069 
   27    1    1    1     1    27     1    1    1    1  5.95692E+16 0.00088 
   28    1    1    1     1    28     1    1    1    1  3.72534E+16 0.00178 
   29    1    1    1     1    29     1    1    1    1  6.66595E+16 0.00123 
   30    1    1    1     1    30     1    1    1    1  6.28636E+16 0.00093 
   31    1    1    1     1    31     1    1    1    1  8.13914E+16 0.00075 
   32    1    1    1     1    32     1    1    1    1  2.01610E+17 0.00062 
   33    1    1    1     1    33     1    1    1    1  1.10918E+17 0.00060 
   34    1    1    1     1    34     1    1    1    1  1.01936E+17 0.00066 
   35    1    1    1     1    35     1    1    1    1  1.13082E+17 0.00073 
   36    1    1    1     1    36     1    1    1    1  6.24878E+16 0.00092 
   37    1    1    1     1    37     1    1    1    1  2.89704E+16 0.00173 
   38    1    1    1     1    38     1    1    1    1  5.72728E+16 0.00130 
   39    1    1    1     1    39     1    1    1    1  4.87581E+16 0.00097 
   40    1    1    1     1    40     1    1    1    1  8.32446E+16 0.00084 
   41    1    1    1     1    41     1    1    1    1  8.48454E+16 0.00073 
   42    1    1    1     1    42     1    1    1    1  1.14284E+17 0.00071 
   43    1    1    1     1    43     1    1    1    1  8.85999E+16 0.00073 
   44    1    1    1     1    44     1    1    1    1  7.56802E+16 0.00081 
   45    1    1    1     1    45     1    1    1    1  4.98666E+16 0.00101 
   46    1    1    1     1    46     1    1    1    1  1.97722E+16 0.00211 
   47    1    1    1     1    47     1    1    1    1  4.96557E+16 0.00147 
   48    1    1    1     1    48     1    1    1    1  6.78963E+16 0.00133 
   49    1    1    1     1    49     1    1    1    1  5.17776E+16 0.00095 
   50    1    1    1     1    50     1    1    1    1  6.34434E+16 0.00088 
   51    1    1    1     1    51     1    1    1    1  7.28082E+16 0.00082 
   52    1    1    1     1    52     1    1    1    1  7.01174E+16 0.00087 
   53    1    1    1     1    53     1    1    1    1  7.98389E+16 0.00106 
   54    1    1    1     1    54     1    1    1    1  3.76944E+16 0.00117 
   55    2    1    1     1     1     1    1    1    1  4.36614E+15 0.00239 
   56    2    1    1     1     2     1    1    1    1  1.93413E+16 0.00138 
   57    2    1    1     1     3     1    1    1    1  4.62449E+16 0.00112 
   58    2    1    1     1     4     1    1    1    1  9.66279E+16 0.00071 
   59    2    1    1     1     5     1    1    1    1  1.21977E+17 0.00061 
   60    2    1    1     1     6     1    1    1    1  1.30065E+17 0.00060 
   61    2    1    1     1     7     1    1    1    1  1.31768E+17 0.00061 
   62    2    1    1     1     8     1    1    1    1  1.12343E+17 0.00067 
   63    2    1    1     1     9     1    1    1    1  7.47992E+16 0.00083 
   64    2    1    1     1    10     1    1    1    1  8.19758E+15 0.00241 
   65    2    1    1     1    11     1    1    1    1  3.26643E+16 0.00114 
   66    2    1    1     1    12     1    1    1    1  9.09652E+16 0.00079 
   67    2    1    1     1    13     1    1    1    1  1.27996E+17 0.00061 
   68    2    1    1     1    14     1    1    1    1  1.83608E+17 0.00049 
   69    2    1    1     1    15     1    1    1    1  1.82109E+17 0.00045 
   70    2    1    1     1    16     1    1    1    1  2.06879E+17 0.00048 
   71    2    1    1     1    17     1    1    1    1  1.52362E+17 0.00058 
   72    2    1    1     1    18     1    1    1    1  1.08735E+17 0.00066 
   73    2    1    1     1    19     1    1    1    1  1.02988E+16 0.00189 
   74    2    1    1     1    20     1    1    1    1  3.82308E+16 0.00102 
   75    2    1    1     1    21     1    1    1    1  8.83733E+16 0.00080 
   76    2    1    1     1    22     1    1    1    1  1.67432E+17 0.00055 
   77    2    1    1     1    23     1    1    1    1  2.09059E+17 0.00046 
   78    2    1    1     1    24     1    1    1    1  2.41915E+17 0.00041 
   79    2    1    1     1    25     1    1    1    1  2.36956E+17 0.00044 
   80    2    1    1     1    26     1    1    1    1  1.84430E+17 0.00051 
   81    2    1    1     1    27     1    1    1    1  1.20534E+17 0.00067 
