
DETlattice_flux = [
    1    1    1    1     1     1     1    1    1    1  2.06139E+16 0.00274 
    2    1    1    1     1     2     1    1    1    1  4.74128E+16 0.00212 
    3    1    1    1     1     3     1    1    1    1  6.51776E+16 0.00189 
    4    1    1    1     1     4     1    1    1    1  5.15618E+16 0.00133 
    5    1    1    1     1     5     1    1    1    1  6.68041E+16 0.00115 
    6    1    1    1     1     6     1    1    1    1  7.74802E+16 0.00116 
    7    1    1    1     1     7     1    1    1    1  7.13849E+16 0.00117 
    8    1    1    1     1     8     1    1    1    1  5.86320E+16 0.00130 
    9    1    1    1     1     9     1    1    1    1  4.10667E+16 0.00164 
   10    1    1    1     1    10     1    1    1    1  3.22597E+16 0.00292 
   11    1    1    1     1    11     1    1    1    1  5.83182E+16 0.00224 
   12    1    1    1     1    12     1    1    1    1  5.26948E+16 0.00135 
   13    1    1    1     1    13     1    1    1    1  8.69457E+16 0.00107 
   14    1    1    1     1    14     1    1    1    1  8.58099E+16 0.00106 
   15    1    1    1     1    15     1    1    1    1  1.23833E+17 0.00096 
   16    1    1    1     1    16     1    1    1    1  8.65746E+16 0.00096 
   17    1    1    1     1    17     1    1    1    1  9.14991E+16 0.00111 
   18    1    1    1     1    18     1    1    1    1  5.31302E+16 0.00131 
   19    1    1    1     1    19     1    1    1    1  3.83388E+16 0.00251 
   20    1    1    1     1    20     1    1    1    1  7.35792E+16 0.00171 
   21    1    1    1     1    21     1    1    1    1  9.92928E+16 0.00151 
   22    1    1    1     1    22     1    1    1    1  8.00196E+16 0.00105 
   23    1    1    1     1    23     1    1    1    1  1.08048E+17 0.00091 
   24    1    1    1     1    24     1    1    1    1  1.08609E+17 0.00083 
   25    1    1    1     1    25     1    1    1    1  1.02385E+17 0.00091 
   26    1    1    1     1    26     1    1    1    1  8.98681E+16 0.00104 
   27    1    1    1     1    27     1    1    1    1  5.92221E+16 0.00121 
   28    1    1    1     1    28     1    1    1    1  3.76596E+16 0.00275 
   29    1    1    1     1    29     1    1    1    1  6.74409E+16 0.00189 
   30    1    1    1     1    30     1    1    1    1  6.30821E+16 0.00123 
   31    1    1    1     1    31     1    1    1    1  8.11360E+16 0.00103 
   32    1    1    1     1    32     1    1    1    1  2.02158E+17 0.00094 
   33    1    1    1     1    33     1    1    1    1  1.10213E+17 0.00082 
   34    1    1    1     1    34     1    1    1    1  1.01167E+17 0.00093 
   35    1    1    1     1    35     1    1    1    1  1.09208E+17 0.00108 
   36    1    1    1     1    36     1    1    1    1  6.20022E+16 0.00124 
   37    1    1    1     1    37     1    1    1    1  2.92604E+16 0.00264 
   38    1    1    1     1    38     1    1    1    1  5.79976E+16 0.00194 
   39    1    1    1     1    39     1    1    1    1  4.86663E+16 0.00136 
   40    1    1    1     1    40     1    1    1    1  8.11198E+16 0.00117 
   41    1    1    1     1    41     1    1    1    1  8.40787E+16 0.00105 
   42    1    1    1     1    42     1    1    1    1  1.10859E+17 0.00094 
   43    1    1    1     1    43     1    1    1    1  8.79452E+16 0.00100 
   44    1    1    1     1    44     1    1    1    1  7.48030E+16 0.00125 
   45    1    1    1     1    45     1    1    1    1  4.97591E+16 0.00146 
   46    1    1    1     1    46     1    1    1    1  1.99614E+16 0.00301 
   47    1    1    1     1    47     1    1    1    1  4.99576E+16 0.00220 
   48    1    1    1     1    48     1    1    1    1  6.83170E+16 0.00200 
   49    1    1    1     1    49     1    1    1    1  5.13804E+16 0.00138 
   50    1    1    1     1    50     1    1    1    1  6.31149E+16 0.00134 
   51    1    1    1     1    51     1    1    1    1  7.22411E+16 0.00128 
   52    1    1    1     1    52     1    1    1    1  6.96978E+16 0.00118 
   53    1    1    1     1    53     1    1    1    1  7.97117E+16 0.00157 
   54    1    1    1     1    54     1    1    1    1  3.76779E+16 0.00153 
   55    2    1    1     1     1     1    1    1    1  4.41412E+15 0.00340 
   56    2    1    1     1     2     1    1    1    1  1.95108E+16 0.00206 
   57    2    1    1     1     3     1    1    1    1  4.63577E+16 0.00150 
   58    2    1    1     1     4     1    1    1    1  9.67980E+16 0.00106 
   59    2    1    1     1     5     1    1    1    1  1.22134E+17 0.00097 
   60    2    1    1     1     6     1    1    1    1  1.30142E+17 0.00089 
   61    2    1    1     1     7     1    1    1    1  1.32573E+17 0.00089 
   62    2    1    1     1     8     1    1    1    1  1.13415E+17 0.00090 
   63    2    1    1     1     9     1    1    1    1  7.55951E+16 0.00123 
   64    2    1    1     1    10     1    1    1    1  8.28793E+15 0.00310 
   65    2    1    1     1    11     1    1    1    1  3.29362E+16 0.00178 
   66    2    1    1     1    12     1    1    1    1  9.13958E+16 0.00104 
   67    2    1    1     1    13     1    1    1    1  1.28053E+17 0.00083 
   68    2    1    1     1    14     1    1    1    1  1.84323E+17 0.00070 
   69    2    1    1     1    15     1    1    1    1  1.82347E+17 0.00073 
   70    2    1    1     1    16     1    1    1    1  2.08189E+17 0.00073 
   71    2    1    1     1    17     1    1    1    1  1.53751E+17 0.00070 
   72    2    1    1     1    18     1    1    1    1  1.09858E+17 0.00097 
   73    2    1    1     1    19     1    1    1    1  1.03982E+16 0.00264 
   74    2    1    1     1    20     1    1    1    1  3.85661E+16 0.00151 
   75    2    1    1     1    21     1    1    1    1  8.89802E+16 0.00116 
   76    2    1    1     1    22     1    1    1    1  1.68739E+17 0.00079 
   77    2    1    1     1    23     1    1    1    1  2.10872E+17 0.00057 
   78    2    1    1     1    24     1    1    1    1  2.43696E+17 0.00054 
   79    2    1    1     1    25     1    1    1    1  2.38613E+17 0.00058 
   80    2    1    1     1    26     1    1    1    1  1.85217E+17 0.00076 
   81    2    1    1     1    27     1    1    1    1  1.21064E+17 0.00091 
   82    2    1    1     1    28     1    1    1    1  1.01500E+16 0.00304 
   83    2    1    1     1    29     1    1    1    1  4.13876E+16 0.00144 
   84    2    1    1     1    30     1    1    1    1  1.12188E+17 0.00094 
   85    2    1    1     1    31     1    1    1    1  1.66761E+17 0.00080 
   86    2    1    1     1    32     1    1    1    1  1.48945E+17 0.00063 
   87    2    1    1     1    33     1    1    1    1  2.25986E+17 0.00059 
   88    2    1    1     1    34     1    1    1    1  2.18236E+17 0.00069 
   89    2    1    1     1    35     1    1    1    1  1.48781E+17 0.00078 
   90    2    1    1     1    36     1    1    1    1  1.03135E+17 0.00095 
   91    2    1    1     1    37     1    1    1    1  7.03633E+15 0.00280 
   92    2    1    1     1    38     1    1    1    1  3.58705E+16 0.00162 
   93    2    1    1     1    39     1    1    1    1  9.84718E+16 0.00112 
   94    2    1    1     1    40     1    1    1    1  1.29349E+17 0.00089 
   95    2    1    1     1    41     1    1    1    1  1.66584E+17 0.00083 
   96    2    1    1     1    42     1    1    1    1  1.59380E+17 0.00070 
   97    2    1    1     1    43     1    1    1    1  1.66624E+17 0.00078 
   98    2    1    1     1    44     1    1    1    1  1.34497E+17 0.00098 
   99    2    1    1     1    45     1    1    1    1  8.34573E+16 0.00114 
  100    2    1    1     1    46     1    1    1    1  4.42316E+15 0.00335 
  101    2    1    1     1    47     1    1    1    1  2.08163E+16 0.00208 
  102    2    1    1     1    48     1    1    1    1  4.87840E+16 0.00157 
  103    2    1    1     1    49     1    1    1    1  9.71284E+16 0.00108 
  104    2    1    1     1    50     1    1    1    1  1.15079E+17 0.00105 
