
DETflux_MNR396 = [
    1    1    1    1     1     1     1    1    1    1  4.34873E+16 0.00098 
    2    2    1    1     1     1     1    1    1    1  9.38448E+16 0.00086 
];


DETflux_MNR396E = [
 0.00000E+00  6.25000E-07  3.12500E-07
 6.25000E-07  1.00000E+37  5.00000E+36
];

DETlatt = [
    1    1    1    1     1     1     1    1    1    1  2.00418E+16 0.00225 
    2    1    1    1     1     2     1    1    1    1  4.54297E+16 0.00156 
    3    1    1    1     1     3     1    1    1    1  6.11654E+16 0.00136 
    4    1    1    1     1     4     1    1    1    1  4.34873E+16 0.00098 
    5    1    1    1     1     5     1    1    1    1  5.69185E+16 0.00091 
    6    1    1    1     1     6     1    1    1    1  6.54603E+16 0.00094 
    7    1    1    1     1     7     1    1    1    1  6.33976E+16 0.00085 
    8    1    1    1     1     8     1    1    1    1  5.43032E+16 0.00092 
    9    1    1    1     1     9     1    1    1    1  3.87109E+16 0.00116 
   10    1    1    1     1    10     1    1    1    1  3.19560E+16 0.00209 
   11    1    1    1     1    11     1    1    1    1  5.63900E+16 0.00145 
   12    1    1    1     1    12     1    1    1    1  4.61063E+16 0.00130 
   13    1    1    1     1    13     1    1    1    1  6.77002E+16 0.00098 
   14    1    1    1     1    14     1    1    1    1  7.12990E+16 0.00077 
   15    1    1    1     1    15     1    1    1    1  9.56883E+16 0.00076 
   16    1    1    1     1    16     1    1    1    1  7.52061E+16 0.00081 
   17    1    1    1     1    17     1    1    1    1  8.74955E+16 0.00081 
   18    1    1    1     1    18     1    1    1    1  4.89731E+16 0.00098 
   19    1    1    1     1    19     1    1    1    1  3.82281E+16 0.00192 
   20    1    1    1     1    20     1    1    1    1  7.21011E+16 0.00122 
   21    1    1    1     1    21     1    1    1    1  9.44195E+16 0.00112 
   22    1    1    1     1    22     1    1    1    1  6.84745E+16 0.00076 
   23    1    1    1     1    23     1    1    1    1  9.33520E+16 0.00066 
   24    1    1    1     1    24     1    1    1    1  9.16310E+16 0.00073 
   25    1    1    1     1    25     1    1    1    1  8.83485E+16 0.00063 
   26    1    1    1     1    26     1    1    1    1  7.81443E+16 0.00075 
   27    1    1    1     1    27     1    1    1    1  5.35260E+16 0.00096 
   28    1    1    1     1    28     1    1    1    1  3.81053E+16 0.00197 
   29    1    1    1     1    29     1    1    1    1  6.68720E+16 0.00117 
   30    1    1    1     1    30     1    1    1    1  5.65911E+16 0.00097 
   31    1    1    1     1    31     1    1    1    1  7.04290E+16 0.00081 
   32    1    1    1     1    32     1    1    1    1  1.92860E+17 0.00065 
   33    1    1    1     1    33     1    1    1    1  9.49206E+16 0.00069 
   34    1    1    1     1    34     1    1    1    1  8.73531E+16 0.00071 
   35    1    1    1     1    35     1    1    1    1  8.71049E+16 0.00082 
   36    1    1    1     1    36     1    1    1    1  5.55094E+16 0.00102 
   37    1    1    1     1    37     1    1    1    1  3.09536E+16 0.00170 
   38    1    1    1     1    38     1    1    1    1  5.95357E+16 0.00147 
   39    1    1    1     1    39     1    1    1    1  4.47880E+16 0.00109 
   40    1    1    1     1    40     1    1    1    1  6.64846E+16 0.00091 
   41    1    1    1     1    41     1    1    1    1  7.48095E+16 0.00080 
   42    1    1    1     1    42     1    1    1    1  8.99695E+16 0.00082 
   43    1    1    1     1    43     1    1    1    1  7.82007E+16 0.00080 
   44    1    1    1     1    44     1    1    1    1  6.64708E+16 0.00093 
   45    1    1    1     1    45     1    1    1    1  4.60733E+16 0.00118 
   46    1    1    1     1    46     1    1    1    1  2.32540E+16 0.00205 
   47    1    1    1     1    47     1    1    1    1  5.32434E+16 0.00153 
   48    1    1    1     1    48     1    1    1    1  6.98840E+16 0.00143 
   49    1    1    1     1    49     1    1    1    1  4.74943E+16 0.00111 
   50    1    1    1     1    50     1    1    1    1  5.83090E+16 0.00100 
   51    1    1    1     1    51     1    1    1    1  6.57363E+16 0.00092 
   52    1    1    1     1    52     1    1    1    1  6.57091E+16 0.00095 
   53    1    1    1     1    53     1    1    1    1  7.87067E+16 0.00131 
   54    1    1    1     1    54     1    1    1    1  3.76938E+16 0.00136 
   55    2    1    1     1     1     1    1    1    1  4.38145E+15 0.00255 
   56    2    1    1     1     2     1    1    1    1  1.91149E+16 0.00151 
   57    2    1    1     1     3     1    1    1    1  4.52012E+16 0.00120 
   58    2    1    1     1     4     1    1    1    1  9.38448E+16 0.00086 
   59    2    1    1     1     5     1    1    1    1  1.19382E+17 0.00077 
   60    2    1    1     1     6     1    1    1    1  1.27855E+17 0.00065 
   61    2    1    1     1     7     1    1    1    1  1.35055E+17 0.00066 
   62    2    1    1     1     8     1    1    1    1  1.19663E+17 0.00062 
   63    2    1    1     1     9     1    1    1    1  8.16671E+16 0.00080 
   64    2    1    1     1    10     1    1    1    1  8.29927E+15 0.00215 
   65    2    1    1     1    11     1    1    1    1  3.29846E+16 0.00137 
   66    2    1    1     1    12     1    1    1    1  9.05810E+16 0.00088 
   67    2    1    1     1    13     1    1    1    1  1.22457E+17 0.00063 
   68    2    1    1     1    14     1    1    1    1  1.78520E+17 0.00060 
   69    2    1    1     1    15     1    1    1    1  1.75305E+17 0.00053 
   70    2    1    1     1    16     1    1    1    1  2.08900E+17 0.00049 
   71    2    1    1     1    17     1    1    1    1  1.59450E+17 0.00056 
   72    2    1    1     1    18     1    1    1    1  1.16264E+17 0.00072 
   73    2    1    1     1    19     1    1    1    1  1.05451E+16 0.00180 
   74    2    1    1     1    20     1    1    1    1  3.88750E+16 0.00109 
   75    2    1    1     1    21     1    1    1    1  8.93396E+16 0.00090 
   76    2    1    1     1    22     1    1    1    1  1.67366E+17 0.00058 
   77    2    1    1     1    23     1    1    1    1  2.09755E+17 0.00051 
   78    2    1    1     1    24     1    1    1    1  2.40583E+17 0.00042 
   79    2    1    1     1    25     1    1    1    1  2.38903E+17 0.00044 
   80    2    1    1     1    26     1    1    1    1  1.87517E+17 0.00049 
   81    2    1    1     1    27     1    1    1    1  1.25438E+17 0.00079 
   82    2    1    1     1    28     1    1    1    1  1.04750E+16 0.00239 
   83    2    1    1     1    29     1    1    1    1  4.27199E+16 0.00097 
   84    2    1    1     1    30     1    1    1    1  1.14937E+17 0.00074 
   85    2    1    1     1    31     1    1    1    1  1.67890E+17 0.00061 
   86    2    1    1     1    32     1    1    1    1  1.50403E+17 0.00048 
   87    2    1    1     1    33     1    1    1    1  2.25739E+17 0.00046 
   88    2    1    1     1    34     1    1    1    1  2.18634E+17 0.00043 
   89    2    1    1     1    35     1    1    1    1  1.47344E+17 0.00058 
   90    2    1    1     1    36     1    1    1    1  1.06180E+17 0.00077 
   91    2    1    1     1    37     1    1    1    1  7.47104E+15 0.00186 
   92    2    1    1     1    38     1    1    1    1  3.79939E+16 0.00118 
   93    2    1    1     1    39     1    1    1    1  1.02626E+17 0.00079 
   94    2    1    1     1    40     1    1    1    1  1.30470E+17 0.00057 
   95    2    1    1     1    41     1    1    1    1  1.70220E+17 0.00055 
   96    2    1    1     1    42     1    1    1    1  1.59294E+17 0.00053 
   97    2    1    1     1    43     1    1    1    1  1.71060E+17 0.00048 
   98    2    1    1     1    44     1    1    1    1  1.39267E+17 0.00067 
   99    2    1    1     1    45     1    1    1    1  8.87799E+16 0.00086 
  100    2    1    1     1    46     1    1    1    1  5.37313E+15 0.00186 
  101    2    1    1     1    47     1    1    1    1  2.42665E+16 0.00143 
