DETnet_current = [
    1    1    1    1     1     1     1    1    1    1  1.10974E+15 0.00301 
    2    2    1    1     1     1     1    1    1    1 -4.46577E+16 0.00014 
];


DETnet_currentE = [
 0.00000E+00  6.25000E-07  3.12500E-07
 6.25000E-07  1.00000E+37  5.00000E+36
];

DETinward_current = [
    1    1    1    1     1     1     1    1    1    1  5.65297E+16 0.00020 
    2    2    1    1     1     1     1    1    1    1  2.11452E+16 0.00019 
];


DETinward_currentE = [
 0.00000E+00  6.25000E-07  3.12500E-07
 6.25000E-07  1.00000E+37  5.00000E+36
];

DEToutward_current = [
    1    1    1    1     1     1     1    1    1    1 -5.54200E+16 0.00020 
    2    2    1    1     1     1     1    1    1    1 -6.58030E+16 0.00013 
];


DEToutward_currentE = [
 0.00000E+00  6.25000E-07  3.12500E-07
 6.25000E-07  1.00000E+37  5.00000E+36
];

DETlattice_flux = [
    1    1    1    1     1     1     1    1    1    1  2.03505E+16 0.00120 
    2    1    1    1     1     2     1    1    1    1  4.69666E+16 0.00081 
    3    1    1    1     1     3     1    1    1    1  6.49969E+16 0.00077 
    4    1    1    1     1     4     1    1    1    1  5.18394E+16 0.00051 
    5    1    1    1     1     5     1    1    1    1  6.69005E+16 0.00047 
    6    1    1    1     1     6     1    1    1    1  7.77187E+16 0.00042 
    7    1    1    1     1     7     1    1    1    1  7.14499E+16 0.00044 
    8    1    1    1     1     8     1    1    1    1  5.89745E+16 0.00048 
    9    1    1    1     1     9     1    1    1    1  4.10910E+16 0.00061 
   10    1    1    1     1    10     1    1    1    1  3.20268E+16 0.00105 
   11    1    1    1     1    11     1    1    1    1  5.78465E+16 0.00070 
   12    1    1    1     1    12     1    1    1    1  5.27751E+16 0.00047 
   13    1    1    1     1    13     1    1    1    1  8.80060E+16 0.00043 
   14    1    1    1     1    14     1    1    1    1  8.58225E+16 0.00039 
   15    1    1    1     1    15     1    1    1    1  1.25379E+17 0.00036 
   16    1    1    1     1    16     1    1    1    1  8.70494E+16 0.00036 
   17    1    1    1     1    17     1    1    1    1  9.42455E+16 0.00042 
   18    1    1    1     1    18     1    1    1    1  5.33070E+16 0.00054 
   19    1    1    1     1    19     1    1    1    1  3.79642E+16 0.00093 
   20    1    1    1     1    20     1    1    1    1  7.32115E+16 0.00064 
   21    1    1    1     1    21     1    1    1    1  9.91277E+16 0.00060 
   22    1    1    1     1    22     1    1    1    1  8.00427E+16 0.00038 
   23    1    1    1     1    23     1    1    1    1  1.07823E+17 0.00034 
   24    1    1    1     1    24     1    1    1    1  1.08915E+17 0.00032 
   25    1    1    1     1    25     1    1    1    1  1.02646E+17 0.00034 
   26    1    1    1     1    26     1    1    1    1  9.06633E+16 0.00035 
   27    1    1    1     1    27     1    1    1    1  5.95957E+16 0.00048 
   28    1    1    1     1    28     1    1    1    1  3.73453E+16 0.00099 
   29    1    1    1     1    29     1    1    1    1  6.67501E+16 0.00065 
   30    1    1    1     1    30     1    1    1    1  6.27668E+16 0.00046 
   31    1    1    1     1    31     1    1    1    1  8.10492E+16 0.00040 
   32    1    1    1     1    32     1    1    1    1  2.01475E+17 0.00033 
   33    1    1    1     1    33     1    1    1    1  1.10197E+17 0.00032 
   34    1    1    1     1    34     1    1    1    1  1.01574E+17 0.00036 
   35    1    1    1     1    35     1    1    1    1  1.11377E+17 0.00038 
   36    1    1    1     1    36     1    1    1    1  6.22371E+16 0.00051 
   37    1    1    1     1    37     1    1    1    1  2.91698E+16 0.00098 
   38    1    1    1     1    38     1    1    1    1  5.74845E+16 0.00074 
   39    1    1    1     1    39     1    1    1    1  4.86694E+16 0.00053 
   40    1    1    1     1    40     1    1    1    1  8.20117E+16 0.00043 
   41    1    1    1     1    41     1    1    1    1  8.41778E+16 0.00040 
   42    1    1    1     1    42     1    1    1    1  1.12451E+17 0.00040 
   43    1    1    1     1    43     1    1    1    1  8.81935E+16 0.00042 
   44    1    1    1     1    44     1    1    1    1  7.53531E+16 0.00044 
   45    1    1    1     1    45     1    1    1    1  4.98687E+16 0.00054 
   46    1    1    1     1    46     1    1    1    1  1.98288E+16 0.00119 
   47    1    1    1     1    47     1    1    1    1  4.97787E+16 0.00080 
   48    1    1    1     1    48     1    1    1    1  6.80135E+16 0.00076 
   49    1    1    1     1    49     1    1    1    1  5.14100E+16 0.00053 
   50    1    1    1     1    50     1    1    1    1  6.30871E+16 0.00045 
   51    1    1    1     1    51     1    1    1    1  7.23118E+16 0.00046 
   52    1    1    1     1    52     1    1    1    1  6.98817E+16 0.00044 
   53    1    1    1     1    53     1    1    1    1  7.97556E+16 0.00063 
   54    1    1    1     1    54     1    1    1    1  3.76532E+16 0.00069 
   55    2    1    1     1     1     1    1    1    1  4.38083E+15 0.00134 
   56    2    1    1     1     2     1    1    1    1  1.93890E+16 0.00081 
   57    2    1    1     1     3     1    1    1    1  4.62028E+16 0.00061 
   58    2    1    1     1     4     1    1    1    1  9.65994E+16 0.00038 
   59    2    1    1     1     5     1    1    1    1  1.21968E+17 0.00034 
   60    2    1    1     1     6     1    1    1    1  1.30132E+17 0.00033 
   61    2    1    1     1     7     1    1    1    1  1.32276E+17 0.00032 
   62    2    1    1     1     8     1    1    1    1  1.13037E+17 0.00036 
   63    2    1    1     1     9     1    1    1    1  7.53750E+16 0.00046 
   64    2    1    1     1    10     1    1    1    1  8.21828E+15 0.00129 
   65    2    1    1     1    11     1    1    1    1  3.27075E+16 0.00063 
   66    2    1    1     1    12     1    1    1    1  9.09220E+16 0.00038 
   67    2    1    1     1    13     1    1    1    1  1.27732E+17 0.00030 
   68    2    1    1     1    14     1    1    1    1  1.83646E+17 0.00028 
   69    2    1    1     1    15     1    1    1    1  1.81948E+17 0.00024 
   70    2    1    1     1    16     1    1    1    1  2.07565E+17 0.00024 
   71    2    1    1     1    17     1    1    1    1  1.53286E+17 0.00029 
   72    2    1    1     1    18     1    1    1    1  1.09555E+17 0.00040 
   73    2    1    1     1    19     1    1    1    1  1.03489E+16 0.00108 
   74    2    1    1     1    20     1    1    1    1  3.82569E+16 0.00056 
   75    2    1    1     1    21     1    1    1    1  8.85206E+16 0.00043 
   76    2    1    1     1    22     1    1    1    1  1.67524E+17 0.00030 
   77    2    1    1     1    23     1    1    1    1  2.09571E+17 0.00024 
   78    2    1    1     1    24     1    1    1    1  2.42505E+17 0.00023 
   79    2    1    1     1    25     1    1    1    1  2.37560E+17 0.00023 
   80    2    1    1     1    26     1    1    1    1  1.84998E+17 0.00025 
   81    2    1    1     1    27     1    1    1    1  1.20977E+17 0.00037 
   82    2    1    1     1    28     1    1    1    1  1.01416E+16 0.00113 
   83    2    1    1     1    29     1    1    1    1  4.11003E+16 0.00058 
   84    2    1    1     1    30     1    1    1    1  1.11239E+17 0.00037 
   85    2    1    1     1    31     1    1    1    1  1.65381E+17 0.00030 
   86    2    1    1     1    32     1    1    1    1  1.47993E+17 0.00024 
   87    2    1    1     1    33     1    1    1    1  2.24633E+17 0.00024 
   88    2    1    1     1    34     1    1    1    1  2.17719E+17 0.00025 
   89    2    1    1     1    35     1    1    1    1  1.49185E+17 0.00030 
   90    2    1    1     1    36     1    1    1    1  1.03451E+17 0.00040 
   91    2    1    1     1    37     1    1    1    1  6.98552E+15 0.00099 
   92    2    1    1     1    38     1    1    1    1  3.55387E+16 0.00059 
   93    2    1    1     1    39     1    1    1    1  9.76871E+16 0.00040 
