
DETnet_current_whole = [
    1    1    1    1     1     1     1    1    1    1  2.82011E+15 0.00202 
    2    2    1    1     1     1     1    1    1    1 -4.28737E+16 0.00027 
];


DETnet_current_wholeE = [
 0.00000E+00  6.25000E-07  3.12500E-07
 6.25000E-07  1.00000E+37  5.00000E+36
];

DETinward_current_whole = [
    1    1    1    1     1     1     1    1    1    1  5.42881E+16 0.00038 
    2    2    1    1     1     1     1    1    1    1  2.02856E+16 0.00038 
];


DETinward_current_wholeE = [
 0.00000E+00  6.25000E-07  3.12500E-07
 6.25000E-07  1.00000E+37  5.00000E+36
];

DEToutward_current_whole = [
    1    1    1    1     1     1     1    1    1    1 -5.14680E+16 0.00040 
    2    2    1    1     1     1     1    1    1    1 -6.31593E+16 0.00025 
];


DEToutward_current_wholeE = [
 0.00000E+00  6.25000E-07  3.12500E-07
 6.25000E-07  1.00000E+37  5.00000E+36
];

DETnet_current_active = [
    1    1    1    1     1     1     1    1    1    1  1.08683E+15 0.00551 
    2    2    1    1     1     1     1    1    1    1 -4.76976E+16 0.00026 
];


DETnet_current_activeE = [
 0.00000E+00  6.25000E-07  3.12500E-07
 6.25000E-07  1.00000E+37  5.00000E+36
];

DETinward_current_active = [
    1    1    1    1     1     1     1    1    1    1  5.91552E+16 0.00037 
    2    2    1    1     1     1     1    1    1    1  2.26744E+16 0.00036 
];


DETinward_current_activeE = [
 0.00000E+00  6.25000E-07  3.12500E-07
 6.25000E-07  1.00000E+37  5.00000E+36
];

DEToutward_current_active = [
    1    1    1    1     1     1     1    1    1    1 -5.80683E+16 0.00037 
    2    2    1    1     1     1     1    1    1    1 -7.03720E+16 0.00024 
];


DEToutward_current_activeE = [
 0.00000E+00  6.25000E-07  3.12500E-07
 6.25000E-07  1.00000E+37  5.00000E+36
];

DETlattice_flux = [
    1    1    1    1     1     1     1    1    1    1  2.02748E+16 0.00212 
    2    1    1    1     1     2     1    1    1    1  4.63956E+16 0.00155 
    3    1    1    1     1     3     1    1    1    1  6.42381E+16 0.00136 
    4    1    1    1     1     4     1    1    1    1  5.02103E+16 0.00096 
    5    1    1    1     1     5     1    1    1    1  6.75656E+16 0.00086 
    6    1    1    1     1     6     1    1    1    1  7.77915E+16 0.00080 
    7    1    1    1     1     7     1    1    1    1  7.78689E+16 0.00078 
    8    1    1    1     1     8     1    1    1    1  6.76873E+16 0.00082 
    9    1    1    1     1     9     1    1    1    1  4.83911E+16 0.00101 
   10    1    1    1     1    10     1    1    1    1  3.19700E+16 0.00201 
   11    1    1    1     1    11     1    1    1    1  5.77976E+16 0.00136 
   12    1    1    1     1    12     1    1    1    1  5.16828E+16 0.00093 
   13    1    1    1     1    13     1    1    1    1  7.30591E+16 0.00087 
   14    1    1    1     1    14     1    1    1    1  8.50287E+16 0.00070 
   15    1    1    1     1    15     1    1    1    1  1.06717E+17 0.00070 
   16    1    1    1     1    16     1    1    1    1  9.31461E+16 0.00069 
   17    1    1    1     1    17     1    1    1    1  1.07629E+17 0.00073 
   18    1    1    1     1    18     1    1    1    1  6.12971E+16 0.00089 
   19    1    1    1     1    19     1    1    1    1  3.80278E+16 0.00171 
   20    1    1    1     1    20     1    1    1    1  7.31525E+16 0.00124 
   21    1    1    1     1    21     1    1    1    1  9.98327E+16 0.00109 
   22    1    1    1     1    22     1    1    1    1  7.90750E+16 0.00072 
   23    1    1    1     1    23     1    1    1    1  1.09949E+17 0.00061 
   24    1    1    1     1    24     1    1    1    1  1.10214E+17 0.00061 
   25    1    1    1     1    25     1    1    1    1  1.08698E+17 0.00059 
   26    1    1    1     1    26     1    1    1    1  9.54747E+16 0.00070 
   27    1    1    1     1    27     1    1    1    1  6.56751E+16 0.00080 
   28    1    1    1     1    28     1    1    1    1  3.74094E+16 0.00188 
   29    1    1    1     1    29     1    1    1    1  6.70907E+16 0.00133 
   30    1    1    1     1    30     1    1    1    1  6.28815E+16 0.00089 
   31    1    1    1     1    31     1    1    1    1  7.97372E+16 0.00073 
   32    1    1    1     1    32     1    1    1    1  2.03375E+17 0.00063 
   33    1    1    1     1    33     1    1    1    1  1.10434E+17 0.00063 
   34    1    1    1     1    34     1    1    1    1  1.04037E+17 0.00067 
   35    1    1    1     1    35     1    1    1    1  9.51449E+16 0.00079 
   36    1    1    1     1    36     1    1    1    1  6.53815E+16 0.00088 
   37    1    1    1     1    37     1    1    1    1  2.92166E+16 0.00175 
   38    1    1    1     1    38     1    1    1    1  5.72617E+16 0.00134 
   39    1    1    1     1    39     1    1    1    1  4.75141E+16 0.00098 
   40    1    1    1     1    40     1    1    1    1  6.74812E+16 0.00091 
   41    1    1    1     1    41     1    1    1    1  8.20096E+16 0.00072 
   42    1    1    1     1    42     1    1    1    1  9.33725E+16 0.00078 
   43    1    1    1     1    43     1    1    1    1  8.88867E+16 0.00076 
   44    1    1    1     1    44     1    1    1    1  7.51273E+16 0.00080 
   45    1    1    1     1    45     1    1    1    1  5.25001E+16 0.00098 
   46    1    1    1     1    46     1    1    1    1  1.98141E+16 0.00215 
   47    1    1    1     1    47     1    1    1    1  4.89566E+16 0.00154 
   48    1    1    1     1    48     1    1    1    1  6.63885E+16 0.00137 
   49    1    1    1     1    49     1    1    1    1  4.89960E+16 0.00101 
   50    1    1    1     1    50     1    1    1    1  6.20283E+16 0.00091 
   51    1    1    1     1    51     1    1    1    1  6.96624E+16 0.00087 
   52    1    1    1     1    52     1    1    1    1  7.12022E+16 0.00083 
   53    1    1    1     1    53     1    1    1    1  8.33833E+16 0.00110 
   54    1    1    1     1    54     1    1    1    1  4.03259E+16 0.00113 
   55    2    1    1     1     1     1    1    1    1  4.40489E+15 0.00242 
   56    2    1    1     1     2     1    1    1    1  1.92014E+16 0.00150 
   57    2    1    1     1     3     1    1    1    1  4.56304E+16 0.00111 
   58    2    1    1     1     4     1    1    1    1  9.62180E+16 0.00075 
   59    2    1    1     1     5     1    1    1    1  1.24339E+17 0.00066 
   60    2    1    1     1     6     1    1    1    1  1.34641E+17 0.00063 
   61    2    1    1     1     7     1    1    1    1  1.46168E+17 0.00058 
   62    2    1    1     1     8     1    1    1    1  1.31311E+17 0.00063 
   63    2    1    1     1     9     1    1    1    1  9.00269E+16 0.00077 
   64    2    1    1     1    10     1    1    1    1  8.28648E+15 0.00244 
   65    2    1    1     1    11     1    1    1    1  3.29859E+16 0.00122 
   66    2    1    1     1    12     1    1    1    1  9.09073E+16 0.00076 
   67    2    1    1     1    13     1    1    1    1  1.24727E+17 0.00060 
   68    2    1    1     1    14     1    1    1    1  1.86028E+17 0.00050 
   69    2    1    1     1    15     1    1    1    1  1.84452E+17 0.00047 
   70    2    1    1     1    16     1    1    1    1  2.26425E+17 0.00045 
   71    2    1    1     1    17     1    1    1    1  1.73750E+17 0.00052 
   72    2    1    1     1    18     1    1    1    1  1.27815E+17 0.00066 
   73    2    1    1     1    19     1    1    1    1  1.04715E+16 0.00193 
   74    2    1    1     1    20     1    1    1    1  3.85265E+16 0.00106 
   75    2    1    1     1    21     1    1    1    1  8.91672E+16 0.00081 
   76    2    1    1     1    22     1    1    1    1  1.70550E+17 0.00052 
   77    2    1    1     1    23     1    1    1    1  2.17001E+17 0.00045 
   78    2    1    1     1    24     1    1    1    1  2.53359E+17 0.00042 
   79    2    1    1     1    25     1    1    1    1  2.55940E+17 0.00043 
   80    2    1    1     1    26     1    1    1    1  2.01328E+17 0.00050 
   81    2    1    1     1    27     1    1    1    1  1.35360E+17 0.00062 
