
DETnet_current_whole = [
    1    1    1    1     1     1     1    1    1    1  2.82992E+15 0.00158 
    2    2    1    1     1     1     1    1    1    1 -6.46166E+15 0.00070 
    3    3    1    1     1     1     1    1    1    1 -1.38912E+16 0.00038 
    4    4    1    1     1     1     1    1    1    1 -2.25511E+16 0.00027 
];


DETnet_current_wholeE = [
 0.00000E+00  6.25000E-07  3.12500E-07
 6.25000E-07  5.53000E-03  2.76531E-03
 5.53000E-03  8.21000E-01  4.13265E-01
 8.21000E-01  1.00000E+37  5.00000E+36
];

DETinward_current_whole = [
    1    1    1    1     1     1     1    1    1    1  5.43221E+16 0.00029 
    2    2    1    1     1     1     1    1    1    1  1.13362E+16 0.00036 
    3    3    1    1     1     1     1    1    1    1  6.86940E+15 0.00045 
    4    4    1    1     1     1     1    1    1    1  2.10851E+15 0.00077 
];


DETinward_current_wholeE = [
 0.00000E+00  6.25000E-07  3.12500E-07
 6.25000E-07  5.53000E-03  2.76531E-03
 5.53000E-03  8.21000E-01  4.13265E-01
 8.21000E-01  1.00000E+37  5.00000E+36
];

DEToutward_current_whole = [
    1    1    1    1     1     1     1    1    1    1 -5.14922E+16 0.00030 
    2    2    1    1     1     1     1    1    1    1 -1.77979E+16 0.00029 
    3    3    1    1     1     1     1    1    1    1 -2.07606E+16 0.00028 
    4    4    1    1     1     1     1    1    1    1 -2.46596E+16 0.00026 
];


DEToutward_current_wholeE = [
 0.00000E+00  6.25000E-07  3.12500E-07
 6.25000E-07  5.53000E-03  2.76531E-03
 5.53000E-03  8.21000E-01  4.13265E-01
 8.21000E-01  1.00000E+37  5.00000E+36
];

DETnet_current_active = [
    1    1    1    1     1     1     1    1    1    1  1.09402E+15 0.00441 
    2    2    1    1     1     1     1    1    1    1 -7.44940E+15 0.00064 
    3    3    1    1     1     1     1    1    1    1 -1.51828E+16 0.00036 
    4    4    1    1     1     1     1    1    1    1 -2.50923E+16 0.00025 
];


DETnet_current_activeE = [
 0.00000E+00  6.25000E-07  3.12500E-07
 6.25000E-07  5.53000E-03  2.76531E-03
 5.53000E-03  8.21000E-01  4.13265E-01
 8.21000E-01  1.00000E+37  5.00000E+36
];

DETinward_current_active = [
    1    1    1    1     1     1     1    1    1    1  5.91985E+16 0.00028 
    2    2    1    1     1     1     1    1    1    1  1.24677E+16 0.00035 
    3    3    1    1     1     1     1    1    1    1  7.77847E+15 0.00042 
    4    4    1    1     1     1     1    1    1    1  2.45498E+15 0.00071 
];


DETinward_current_activeE = [
 0.00000E+00  6.25000E-07  3.12500E-07
 6.25000E-07  5.53000E-03  2.76531E-03
 5.53000E-03  8.21000E-01  4.13265E-01
 8.21000E-01  1.00000E+37  5.00000E+36
];

DEToutward_current_active = [
    1    1    1    1     1     1     1    1    1    1 -5.81045E+16 0.00029 
    2    2    1    1     1     1     1    1    1    1 -1.99171E+16 0.00028 
    3    3    1    1     1     1     1    1    1    1 -2.29612E+16 0.00027 
    4    4    1    1     1     1     1    1    1    1 -2.75473E+16 0.00025 
];


DEToutward_current_activeE = [
 0.00000E+00  6.25000E-07  3.12500E-07
 6.25000E-07  5.53000E-03  2.76531E-03
 5.53000E-03  8.21000E-01  4.13265E-01
 8.21000E-01  1.00000E+37  5.00000E+36
];

DETlattice_flux = [
    1    1    1    1     1     1     1    1    1    1  2.02209E+16 0.00167 
    2    1    1    1     1     2     1    1    1    1  4.63674E+16 0.00125 
    3    1    1    1     1     3     1    1    1    1  6.39964E+16 0.00102 
    4    1    1    1     1     4     1    1    1    1  5.02937E+16 0.00073 
    5    1    1    1     1     5     1    1    1    1  6.77282E+16 0.00066 
    6    1    1    1     1     6     1    1    1    1  7.77771E+16 0.00064 
    7    1    1    1     1     7     1    1    1    1  7.78117E+16 0.00061 
    8    1    1    1     1     8     1    1    1    1  6.76763E+16 0.00062 
    9    1    1    1     1     9     1    1    1    1  4.83649E+16 0.00083 
   10    1    1    1     1    10     1    1    1    1  3.19970E+16 0.00154 
   11    1    1    1     1    11     1    1    1    1  5.77718E+16 0.00101 
   12    1    1    1     1    12     1    1    1    1  5.16330E+16 0.00073 
   13    1    1    1     1    13     1    1    1    1  7.31139E+16 0.00069 
   14    1    1    1     1    14     1    1    1    1  8.50380E+16 0.00057 
   15    1    1    1     1    15     1    1    1    1  1.06481E+17 0.00056 
   16    1    1    1     1    16     1    1    1    1  9.31408E+16 0.00052 
   17    1    1    1     1    17     1    1    1    1  1.07698E+17 0.00053 
   18    1    1    1     1    18     1    1    1    1  6.13474E+16 0.00067 
   19    1    1    1     1    19     1    1    1    1  3.79691E+16 0.00130 
   20    1    1    1     1    20     1    1    1    1  7.31671E+16 0.00094 
   21    1    1    1     1    21     1    1    1    1  9.96445E+16 0.00084 
   22    1    1    1     1    22     1    1    1    1  7.89515E+16 0.00058 
   23    1    1    1     1    23     1    1    1    1  1.09782E+17 0.00049 
   24    1    1    1     1    24     1    1    1    1  1.10095E+17 0.00048 
   25    1    1    1     1    25     1    1    1    1  1.08550E+17 0.00049 
   26    1    1    1     1    26     1    1    1    1  9.55383E+16 0.00053 
   27    1    1    1     1    27     1    1    1    1  6.56781E+16 0.00068 
   28    1    1    1     1    28     1    1    1    1  3.71682E+16 0.00146 
   29    1    1    1     1    29     1    1    1    1  6.68830E+16 0.00096 
   30    1    1    1     1    30     1    1    1    1  6.28314E+16 0.00067 
   31    1    1    1     1    31     1    1    1    1  7.96576E+16 0.00058 
   32    1    1    1     1    32     1    1    1    1  2.03274E+17 0.00049 
   33    1    1    1     1    33     1    1    1    1  1.10618E+17 0.00046 
   34    1    1    1     1    34     1    1    1    1  1.04082E+17 0.00050 
   35    1    1    1     1    35     1    1    1    1  9.53744E+16 0.00060 
   36    1    1    1     1    36     1    1    1    1  6.55269E+16 0.00068 
   37    1    1    1     1    37     1    1    1    1  2.91296E+16 0.00144 
   38    1    1    1     1    38     1    1    1    1  5.71195E+16 0.00107 
   39    1    1    1     1    39     1    1    1    1  4.74270E+16 0.00077 
   40    1    1    1     1    40     1    1    1    1  6.74839E+16 0.00067 
   41    1    1    1     1    41     1    1    1    1  8.21860E+16 0.00056 
   42    1    1    1     1    42     1    1    1    1  9.36334E+16 0.00060 
   43    1    1    1     1    43     1    1    1    1  8.88722E+16 0.00056 
   44    1    1    1     1    44     1    1    1    1  7.52968E+16 0.00063 
   45    1    1    1     1    45     1    1    1    1  5.27018E+16 0.00076 
   46    1    1    1     1    46     1    1    1    1  1.96992E+16 0.00167 
   47    1    1    1     1    47     1    1    1    1  4.87774E+16 0.00120 
   48    1    1    1     1    48     1    1    1    1  6.63652E+16 0.00108 
   49    1    1    1     1    49     1    1    1    1  4.90526E+16 0.00077 
   50    1    1    1     1    50     1    1    1    1  6.21613E+16 0.00069 
   51    1    1    1     1    51     1    1    1    1  6.97948E+16 0.00067 
   52    1    1    1     1    52     1    1    1    1  7.13617E+16 0.00069 
   53    1    1    1     1    53     1    1    1    1  8.34407E+16 0.00089 
   54    1    1    1     1    54     1    1    1    1  4.05206E+16 0.00090 
   55    2    1    1     1     1     1    1    1    1  1.79370E+15 0.00210 
   56    2    1    1     1     2     1    1    1    1  7.60729E+15 0.00143 
   57    2    1    1     1     3     1    1    1    1  1.67716E+16 0.00124 
   58    2    1    1     1     4     1    1    1    1  2.89802E+16 0.00073 
   59    2    1    1     1     5     1    1    1    1  3.88015E+16 0.00060 
   60    2    1    1     1     6     1    1    1    1  4.25095E+16 0.00058 
   61    2    1    1     1     7     1    1    1    1  4.55981E+16 0.00058 
   62    2    1    1     1     8     1    1    1    1  4.02594E+16 0.00059 
   63    2    1    1     1     9     1    1    1    1  2.71044E+16 0.00076 
