
DETlatt = [
    1    1    1    1     1     1     1    1    1    1  2.00682E+16 0.00580 
    2    1    1    1     1     2     1    1    1    1  4.55165E+16 0.00398 
    3    1    1    1     1     3     1    1    1    1  6.10930E+16 0.00355 
    4    1    1    1     1     4     1    1    1    1  4.35064E+16 0.00230 
    5    1    1    1     1     5     1    1    1    1  5.68795E+16 0.00215 
    6    1    1    1     1     6     1    1    1    1  6.54994E+16 0.00189 
    7    1    1    1     1     7     1    1    1    1  6.34366E+16 0.00210 
    8    1    1    1     1     8     1    1    1    1  5.41897E+16 0.00214 
    9    1    1    1     1     9     1    1    1    1  3.87204E+16 0.00270 
   10    1    1    1     1    10     1    1    1    1  3.16873E+16 0.00533 
   11    1    1    1     1    11     1    1    1    1  5.60603E+16 0.00317 
   12    1    1    1     1    12     1    1    1    1  4.57549E+16 0.00244 
   13    1    1    1     1    13     1    1    1    1  6.75241E+16 0.00215 
   14    1    1    1     1    14     1    1    1    1  7.12523E+16 0.00185 
   15    1    1    1     1    15     1    1    1    1  9.57985E+16 0.00181 
   16    1    1    1     1    16     1    1    1    1  7.52219E+16 0.00167 
   17    1    1    1     1    17     1    1    1    1  8.76395E+16 0.00186 
   18    1    1    1     1    18     1    1    1    1  4.91139E+16 0.00227 
   19    1    1    1     1    19     1    1    1    1  3.79488E+16 0.00433 
   20    1    1    1     1    20     1    1    1    1  7.19800E+16 0.00280 
   21    1    1    1     1    21     1    1    1    1  9.42377E+16 0.00288 
   22    1    1    1     1    22     1    1    1    1  6.81798E+16 0.00176 
   23    1    1    1     1    23     1    1    1    1  9.34237E+16 0.00157 
   24    1    1    1     1    24     1    1    1    1  9.15184E+16 0.00149 
   25    1    1    1     1    25     1    1    1    1  8.83646E+16 0.00164 
   26    1    1    1     1    26     1    1    1    1  7.84325E+16 0.00187 
   27    1    1    1     1    27     1    1    1    1  5.34497E+16 0.00223 
   28    1    1    1     1    28     1    1    1    1  3.78617E+16 0.00461 
   29    1    1    1     1    29     1    1    1    1  6.67347E+16 0.00318 
   30    1    1    1     1    30     1    1    1    1  5.64699E+16 0.00231 
   31    1    1    1     1    31     1    1    1    1  7.03602E+16 0.00161 
   32    1    1    1     1    32     1    1    1    1  1.92710E+17 0.00144 
   33    1    1    1     1    33     1    1    1    1  9.48936E+16 0.00161 
   34    1    1    1     1    34     1    1    1    1  8.72332E+16 0.00165 
   35    1    1    1     1    35     1    1    1    1  8.72157E+16 0.00190 
   36    1    1    1     1    36     1    1    1    1  5.55795E+16 0.00240 
   37    1    1    1     1    37     1    1    1    1  3.06689E+16 0.00390 
   38    1    1    1     1    38     1    1    1    1  5.91135E+16 0.00328 
   39    1    1    1     1    39     1    1    1    1  4.47581E+16 0.00240 
   40    1    1    1     1    40     1    1    1    1  6.64578E+16 0.00212 
   41    1    1    1     1    41     1    1    1    1  7.47448E+16 0.00178 
   42    1    1    1     1    42     1    1    1    1  9.03066E+16 0.00178 
   43    1    1    1     1    43     1    1    1    1  7.80827E+16 0.00180 
   44    1    1    1     1    44     1    1    1    1  6.65258E+16 0.00224 
   45    1    1    1     1    45     1    1    1    1  4.62617E+16 0.00259 
   46    1    1    1     1    46     1    1    1    1  2.33035E+16 0.00475 
   47    1    1    1     1    47     1    1    1    1  5.31970E+16 0.00341 
   48    1    1    1     1    48     1    1    1    1  6.99347E+16 0.00301 
   49    1    1    1     1    49     1    1    1    1  4.73089E+16 0.00241 
   50    1    1    1     1    50     1    1    1    1  5.80345E+16 0.00207 
   51    1    1    1     1    51     1    1    1    1  6.56926E+16 0.00194 
   52    1    1    1     1    52     1    1    1    1  6.57039E+16 0.00220 
   53    1    1    1     1    53     1    1    1    1  7.88228E+16 0.00247 
   54    1    1    1     1    54     1    1    1    1  3.77893E+16 0.00280 
   55    2    1    1     1     1     1    1    1    1  1.78486E+15 0.00697 
   56    2    1    1     1     2     1    1    1    1  7.58491E+15 0.00447 
   57    2    1    1     1     3     1    1    1    1  1.65535E+16 0.00380 
   58    2    1    1     1     4     1    1    1    1  2.80163E+16 0.00228 
   59    2    1    1     1     5     1    1    1    1  3.71791E+16 0.00206 
   60    2    1    1     1     6     1    1    1    1  4.01128E+16 0.00188 
   61    2    1    1     1     7     1    1    1    1  4.17655E+16 0.00186 
   62    2    1    1     1     8     1    1    1    1  3.64591E+16 0.00201 
   63    2    1    1     1     9     1    1    1    1  2.45644E+16 0.00254 
   64    2    1    1     1    10     1    1    1    1  3.40633E+15 0.00762 
   65    2    1    1     1    11     1    1    1    1  1.25465E+16 0.00370 
   66    2    1    1     1    12     1    1    1    1  2.68505E+16 0.00256 
   67    2    1    1     1    13     1    1    1    1  4.06340E+16 0.00193 
   68    2    1    1     1    14     1    1    1    1  5.55437E+16 0.00172 
   69    2    1    1     1    15     1    1    1    1  5.91877E+16 0.00141 
   70    2    1    1     1    16     1    1    1    1  6.38954E+16 0.00148 
   71    2    1    1     1    17     1    1    1    1  5.31989E+16 0.00153 
   72    2    1    1     1    18     1    1    1    1  3.53801E+16 0.00187 
   73    2    1    1     1    19     1    1    1    1  4.44841E+15 0.00582 
   74    2    1    1     1    20     1    1    1    1  1.55280E+16 0.00328 
   75    2    1    1     1    21     1    1    1    1  3.26674E+16 0.00271 
   76    2    1    1     1    22     1    1    1    1  5.05909E+16 0.00180 
   77    2    1    1     1    23     1    1    1    1  6.45315E+16 0.00142 
   78    2    1    1     1    24     1    1    1    1  7.39911E+16 0.00138 
   79    2    1    1     1    25     1    1    1    1  7.38904E+16 0.00134 
   80    2    1    1     1    26     1    1    1    1  5.88940E+16 0.00153 
   81    2    1    1     1    27     1    1    1    1  3.82508E+16 0.00204 
   82    2    1    1     1    28     1    1    1    1  4.33717E+15 0.00651 
   83    2    1    1     1    29     1    1    1    1  1.63515E+16 0.00333 
   84    2    1    1     1    30     1    1    1    1  3.54466E+16 0.00210 
   85    2    1    1     1    31     1    1    1    1  5.06823E+16 0.00171 
   86    2    1    1     1    32     1    1    1    1  5.65658E+16 0.00128 
   87    2    1    1     1    33     1    1    1    1  6.91420E+16 0.00140 
   88    2    1    1     1    34     1    1    1    1  6.84923E+16 0.00149 
   89    2    1    1     1    35     1    1    1    1  5.04918E+16 0.00167 
   90    2    1    1     1    36     1    1    1    1  3.36142E+16 0.00199 
   91    2    1    1     1    37     1    1    1    1  3.13740E+15 0.00470 
   92    2    1    1     1    38     1    1    1    1  1.44862E+16 0.00337 
   93    2    1    1     1    39     1    1    1    1  3.08108E+16 0.00227 
   94    2    1    1     1    40     1    1    1    1  4.25357E+16 0.00184 
   95    2    1    1     1    41     1    1    1    1  5.15589E+16 0.00176 
   96    2    1    1     1    42     1    1    1    1  5.34172E+16 0.00153 
   97    2    1    1     1    43     1    1    1    1  5.47424E+16 0.00144 
   98    2    1    1     1    44     1    1    1    1  4.44541E+16 0.00204 
   99    2    1    1     1    45     1    1    1    1  2.79365E+16 0.00239 
  100    2    1    1     1    46     1    1    1    1  2.27528E+15 0.00591 
  101    2    1    1     1    47     1    1    1    1  9.84411E+15 0.00419 
  102    2    1    1     1    48     1    1    1    1  2.07275E+16 0.00332 
  103    2    1    1     1    49     1    1    1    1  3.25788E+16 0.00221 
  104    2    1    1     1    50     1    1    1    1  3.99111E+16 0.00185 
  105    2    1    1     1    51     1    1    1    1  3.97625E+16 0.00183 
