
DETnet_current_whole = [
    1    1    1    1     1     1     1    1    1    1  2.65832E+15 0.00267 
    2    2    1    1     1     1     1    1    1    1 -3.98095E+16 0.00037 
];


DETnet_current_wholeE = [
 0.00000E+00  6.25000E-07  3.12500E-07
 6.25000E-07  1.00000E+37  5.00000E+36
];

DETinward_current_whole = [
    1    1    1    1     1     1     1    1    1    1  5.08840E+16 0.00054 
    2    2    1    1     1     1     1    1    1    1  1.89467E+16 0.00052 
];


DETinward_current_wholeE = [
 0.00000E+00  6.25000E-07  3.12500E-07
 6.25000E-07  1.00000E+37  5.00000E+36
];

DEToutward_current_whole = [
    1    1    1    1     1     1     1    1    1    1 -4.82256E+16 0.00056 
    2    2    1    1     1     1     1    1    1    1 -5.87562E+16 0.00035 
];


DEToutward_current_wholeE = [
 0.00000E+00  6.25000E-07  3.12500E-07
 6.25000E-07  1.00000E+37  5.00000E+36
];

DETnet_current_active = [
    1    1    1    1     1     1     1    1    1    1  1.07505E+15 0.00702 
    2    2    1    1     1     1     1    1    1    1 -4.46134E+16 0.00035 
];


DETnet_current_activeE = [
 0.00000E+00  6.25000E-07  3.12500E-07
 6.25000E-07  1.00000E+37  5.00000E+36
];

DETinward_current_active = [
    1    1    1    1     1     1     1    1    1    1  5.66351E+16 0.00053 
    2    2    1    1     1     1     1    1    1    1  2.11326E+16 0.00049 
];


DETinward_current_activeE = [
 0.00000E+00  6.25000E-07  3.12500E-07
 6.25000E-07  1.00000E+37  5.00000E+36
];

DEToutward_current_active = [
    1    1    1    1     1     1     1    1    1    1 -5.55600E+16 0.00054 
    2    2    1    1     1     1     1    1    1    1 -6.57460E+16 0.00033 
];


DEToutward_current_activeE = [
 0.00000E+00  6.25000E-07  3.12500E-07
 6.25000E-07  1.00000E+37  5.00000E+36
];

DETlattice_flux = [
    1    1    1    1     1     1     1    1    1    1  2.03096E+16 0.00290 
    2    1    1    1     1     2     1    1    1    1  4.70676E+16 0.00201 
    3    1    1    1     1     3     1    1    1    1  6.51690E+16 0.00186 
    4    1    1    1     1     4     1    1    1    1  5.20747E+16 0.00123 
    5    1    1    1     1     5     1    1    1    1  6.70539E+16 0.00117 
    6    1    1    1     1     6     1    1    1    1  7.80789E+16 0.00107 
    7    1    1    1     1     7     1    1    1    1  7.13330E+16 0.00111 
    8    1    1    1     1     8     1    1    1    1  5.86698E+16 0.00121 
    9    1    1    1     1     9     1    1    1    1  4.08748E+16 0.00149 
   10    1    1    1     1    10     1    1    1    1  3.19878E+16 0.00270 
   11    1    1    1     1    11     1    1    1    1  5.79058E+16 0.00182 
   12    1    1    1     1    12     1    1    1    1  5.29479E+16 0.00127 
   13    1    1    1     1    13     1    1    1    1  8.93228E+16 0.00114 
   14    1    1    1     1    14     1    1    1    1  8.62142E+16 0.00096 
   15    1    1    1     1    15     1    1    1    1  1.27086E+17 0.00090 
   16    1    1    1     1    16     1    1    1    1  8.72740E+16 0.00098 
   17    1    1    1     1    17     1    1    1    1  9.37047E+16 0.00101 
   18    1    1    1     1    18     1    1    1    1  5.30762E+16 0.00127 
   19    1    1    1     1    19     1    1    1    1  3.78516E+16 0.00243 
   20    1    1    1     1    20     1    1    1    1  7.31714E+16 0.00162 
   21    1    1    1     1    21     1    1    1    1  9.91857E+16 0.00147 
   22    1    1    1     1    22     1    1    1    1  8.03969E+16 0.00099 
   23    1    1    1     1    23     1    1    1    1  1.08098E+17 0.00089 
   24    1    1    1     1    24     1    1    1    1  1.09311E+17 0.00082 
   25    1    1    1     1    25     1    1    1    1  1.02855E+17 0.00088 
   26    1    1    1     1    26     1    1    1    1  9.06788E+16 0.00092 
   27    1    1    1     1    27     1    1    1    1  5.96637E+16 0.00120 
   28    1    1    1     1    28     1    1    1    1  3.72615E+16 0.00258 
   29    1    1    1     1    29     1    1    1    1  6.66948E+16 0.00169 
   30    1    1    1     1    30     1    1    1    1  6.29587E+16 0.00123 
   31    1    1    1     1    31     1    1    1    1  8.15133E+16 0.00101 
   32    1    1    1     1    32     1    1    1    1  2.01480E+17 0.00086 
   33    1    1    1     1    33     1    1    1    1  1.10665E+17 0.00082 
   34    1    1    1     1    34     1    1    1    1  1.01826E+17 0.00088 
   35    1    1    1     1    35     1    1    1    1  1.12807E+17 0.00101 
   36    1    1    1     1    36     1    1    1    1  6.23161E+16 0.00119 
   37    1    1    1     1    37     1    1    1    1  2.91563E+16 0.00243 
   38    1    1    1     1    38     1    1    1    1  5.74231E+16 0.00188 
   39    1    1    1     1    39     1    1    1    1  4.89961E+16 0.00134 
   40    1    1    1     1    40     1    1    1    1  8.34807E+16 0.00116 
   41    1    1    1     1    41     1    1    1    1  8.46104E+16 0.00094 
   42    1    1    1     1    42     1    1    1    1  1.14058E+17 0.00096 
   43    1    1    1     1    43     1    1    1    1  8.85776E+16 0.00101 
   44    1    1    1     1    44     1    1    1    1  7.56743E+16 0.00105 
   45    1    1    1     1    45     1    1    1    1  4.99451E+16 0.00136 
   46    1    1    1     1    46     1    1    1    1  1.98572E+16 0.00303 
   47    1    1    1     1    47     1    1    1    1  4.97877E+16 0.00203 
   48    1    1    1     1    48     1    1    1    1  6.81737E+16 0.00178 
   49    1    1    1     1    49     1    1    1    1  5.17210E+16 0.00127 
   50    1    1    1     1    50     1    1    1    1  6.33926E+16 0.00116 
   51    1    1    1     1    51     1    1    1    1  7.27035E+16 0.00113 
   52    1    1    1     1    52     1    1    1    1  7.01365E+16 0.00119 
   53    1    1    1     1    53     1    1    1    1  7.96884E+16 0.00151 
   54    1    1    1     1    54     1    1    1    1  3.75951E+16 0.00161 
   55    2    1    1     1     1     1    1    1    1  4.36564E+15 0.00317 
   56    2    1    1     1     2     1    1    1    1  1.93654E+16 0.00187 
   57    2    1    1     1     3     1    1    1    1  4.62352E+16 0.00149 
   58    2    1    1     1     4     1    1    1    1  9.65435E+16 0.00098 
   59    2    1    1     1     5     1    1    1    1  1.21912E+17 0.00083 
   60    2    1    1     1     6     1    1    1    1  1.30085E+17 0.00078 
   61    2    1    1     1     7     1    1    1    1  1.31410E+17 0.00081 
   62    2    1    1     1     8     1    1    1    1  1.12294E+17 0.00094 
   63    2    1    1     1     9     1    1    1    1  7.49110E+16 0.00109 
   64    2    1    1     1    10     1    1    1    1  8.24311E+15 0.00325 
   65    2    1    1     1    11     1    1    1    1  3.25813E+16 0.00159 
   66    2    1    1     1    12     1    1    1    1  9.07102E+16 0.00101 
   67    2    1    1     1    13     1    1    1    1  1.27878E+17 0.00082 
   68    2    1    1     1    14     1    1    1    1  1.83456E+17 0.00068 
   69    2    1    1     1    15     1    1    1    1  1.81953E+17 0.00063 
   70    2    1    1     1    16     1    1    1    1  2.06675E+17 0.00063 
   71    2    1    1     1    17     1    1    1    1  1.52465E+17 0.00076 
   72    2    1    1     1    18     1    1    1    1  1.08997E+17 0.00096 
   73    2    1    1     1    19     1    1    1    1  1.03475E+16 0.00259 
   74    2    1    1     1    20     1    1    1    1  3.82879E+16 0.00147 
   75    2    1    1     1    21     1    1    1    1  8.83288E+16 0.00107 
   76    2    1    1     1    22     1    1    1    1  1.67465E+17 0.00075 
   77    2    1    1     1    23     1    1    1    1  2.09104E+17 0.00061 
   78    2    1    1     1    24     1    1    1    1  2.41675E+17 0.00059 
   79    2    1    1     1    25     1    1    1    1  2.36860E+17 0.00059 
   80    2    1    1     1    26     1    1    1    1  1.84305E+17 0.00066 
   81    2    1    1     1    27     1    1    1    1  1.20594E+17 0.00090 
