
DETdensity_int = [
    1    1    1    1     1     1     1    1    1    1  1.90904E+15 0.00064 
    2    2    1    1     1     1     1    1    1    1  2.66159E+15 0.00035 
];


DETdensity_intE = [
 0.00000E+00  6.25000E-07  3.12500E-07
 6.25000E-07  1.00000E+37  5.00000E+36
];
